k	Q1	Q2	Q3	Q4	apk	dk	alphak	tauk	deltak	gammak	
1.0000e+00	0.0000e+00	0.0000e+00	0.0000e+00	0.0000e+00	5.0000e-01	0.0000e+00	1.3740e-02	9.9995e-01	1.0000e+00	1.0076e+00	
2.0000e+00	0.0000e+00	0.0000e+00	0.0000e+00	0.0000e+00	5.0000e-01	1.0003e+00	1.1128e-02	5.0278e-01	1.0000e+00	1.0092e+00	
3.0000e+00	0.0000e+00	0.0000e+00	0.0000e+00	0.0000e+00	5.0000e-01	2.0007e+00	9.7593e-03	3.3564e-01	1.0000e+00	1.0095e+00	
4.0000e+00	0.0000e+00	0.0000e+00	0.0000e+00	0.0000e+00	5.0000e-01	3.0012e+00	8.8821e-03	2.5190e-01	1.0000e+00	1.0096e+00	
5.0000e+00	0.0000e+00	0.0000e+00	0.0000e+00	0.0000e+00	5.0000e-01	4.0017e+00	8.2467e-03	2.0160e-01	1.0000e+00	1.0097e+00	
6.0000e+00	0.0000e+00	0.0000e+00	0.0000e+00	0.0000e+00	5.0000e-01	5.0023e+00	7.7584e-03	1.6804e-01	1.0000e+00	1.0097e+00	
7.0000e+00	0.0000e+00	0.0000e+00	0.0000e+00	0.0000e+00	5.0000e-01	6.0030e+00	7.3687e-03	1.4406e-01	1.0000e+00	1.0098e+00	
8.0000e+00	0.0000e+00	0.0000e+00	0.0000e+00	0.0000e+00	5.0000e-01	7.0037e+00	7.0478e-03	1.2607e-01	1.0000e+00	1.0098e+00	
9.0000e+00	0.0000e+00	0.0000e+00	0.0000e+00	0.0000e+00	5.0000e-01	8.0045e+00	6.7776e-03	1.1208e-01	1.0000e+00	1.0098e+00	
1.0000e+01	0.0000e+00	0.0000e+00	0.0000e+00	0.0000e+00	5.0000e-01	9.0053e+00	6.5464e-03	1.0088e-01	1.0000e+00	1.0098e+00	
1.1000e+01	0.0000e+00	0.0000e+00	0.0000e+00	0.0000e+00	5.0000e-01	1.0006e+01	6.3451e-03	9.1713e-02	1.0000e+00	1.0099e+00	
1.2000e+01	0.0000e+00	0.0000e+00	0.0000e+00	0.0000e+00	5.0000e-01	1.1007e+01	6.1674e-03	8.4074e-02	1.0000e+00	1.0099e+00	
1.3000e+01	0.0000e+00	0.0000e+00	0.0000e+00	0.0000e+00	5.0000e-01	1.2008e+01	6.0085e-03	7.7610e-02	1.0000e+00	1.0099e+00	
1.4000e+01	0.0000e+00	0.0000e+00	0.0000e+00	0.0000e+00	5.0000e-01	1.3009e+01	5.8654e-03	7.2069e-02	1.0000e+00	1.0099e+00	
1.5000e+01	0.0000e+00	0.0000e+00	0.0000e+00	0.0000e+00	5.0000e-01	1.4010e+01	5.7357e-03	6.7266e-02	1.0000e+00	1.0099e+00	
1.6000e+01	0.0000e+00	0.0000e+00	0.0000e+00	0.0000e+00	5.0000e-01	1.5011e+01	5.6176e-03	6.3064e-02	1.0000e+00	1.0099e+00	
1.7000e+01	0.0000e+00	0.0000e+00	0.0000e+00	0.0000e+00	5.0000e-01	1.6012e+01	5.5093e-03	5.9355e-02	1.0000e+00	1.0099e+00	
1.8000e+01	0.0000e+00	0.0000e+00	0.0000e+00	0.0000e+00	5.0000e-01	1.7013e+01	5.4090e-03	5.6058e-02	1.0000e+00	1.0099e+00	
1.9000e+01	0.0000e+00	0.0000e+00	0.0000e+00	0.0000e+00	5.0000e-01	1.8014e+01	5.3152e-03	5.3108e-02	1.0000e+00	1.0099e+00	
2.0000e+01	0.0000e+00	0.0000e+00	0.0000e+00	0.0000e+00	5.0000e-01	1.9015e+01	5.2269e-03	5.0453e-02	1.0000e+00	1.0099e+00	
2.1000e+01	0.0000e+00	0.0000e+00	0.0000e+00	0.0000e+00	5.0000e-01	2.0016e+01	5.1435e-03	4.8051e-02	1.0000e+00	1.0099e+00	
2.2000e+01	0.0000e+00	0.0000e+00	0.0000e+00	0.0000e+00	5.0000e-01	2.1018e+01	5.0649e-03	4.5867e-02	1.0000e+00	1.0099e+00	
2.3000e+01	0.0000e+00	0.0000e+00	0.0000e+00	0.0000e+00	5.0000e-01	2.2019e+01	4.9907e-03	4.3874e-02	1.0000e+00	1.0099e+00	
2.4000e+01	0.0000e+00	0.0000e+00	0.0000e+00	0.0000e+00	5.0000e-01	2.3020e+01	4.9209e-03	4.2046e-02	1.0000e+00	1.0099e+00	
2.5000e+01	0.0000e+00	0.0000e+00	0.0000e+00	0.0000e+00	5.0000e-01	2.4021e+01	4.8549e-03	4.0365e-02	1.0000e+00	1.0099e+00	
2.6000e+01	0.0000e+00	0.0000e+00	0.0000e+00	0.0000e+00	5.0000e-01	2.5022e+01	4.7926e-03	3.8813e-02	1.0000e+00	1.0100e+00	
2.7000e+01	0.0000e+00	0.0000e+00	0.0000e+00	0.0000e+00	5.0000e-01	2.6024e+01	4.7336e-03	3.7377e-02	1.0000e+00	1.0100e+00	
2.8000e+01	0.0000e+00	0.0000e+00	0.0000e+00	0.0000e+00	5.0000e-01	2.7025e+01	4.6775e-03	3.6043e-02	1.0000e+00	1.0100e+00	
2.9000e+01	0.0000e+00	0.0000e+00	0.0000e+00	0.0000e+00	5.0000e-01	2.8026e+01	4.6241e-03	3.4801e-02	1.0000e+00	1.0100e+00	
3.0000e+01	0.0000e+00	0.0000e+00	0.0000e+00	0.0000e+00	5.0000e-01	2.9028e+01	4.5730e-03	3.3641e-02	1.0000e+00	1.0101e+00	
3.1000e+01	0.0000e+00	0.0000e+00	0.0000e+00	0.0000e+00	5.0000e-01	3.0029e+01	4.5242e-03	3.2557e-02	1.0000e+00	1.0101e+00	
3.2000e+01	0.0000e+00	0.0000e+00	0.0000e+00	0.0000e+00	5.0000e-01	3.1030e+01	4.4775e-03	3.1540e-02	1.0000e+00	1.0101e+00	
3.3000e+01	0.0000e+00	0.0000e+00	0.0000e+00	0.0000e+00	5.0000e-01	3.2032e+01	4.4327e-03	3.0584e-02	1.0000e+00	1.0101e+00	
3.4000e+01	0.0000e+00	0.0000e+00	0.0000e+00	0.0000e+00	5.0000e-01	3.3033e+01	4.3897e-03	2.9685e-02	1.0000e+00	1.0101e+00	
3.5000e+01	0.0000e+00	0.0000e+00	0.0000e+00	0.0000e+00	5.0000e-01	3.4035e+01	4.3484e-03	2.8837e-02	1.0000e+00	1.0101e+00	
3.6000e+01	0.0000e+00	0.0000e+00	0.0000e+00	0.0000e+00	5.0000e-01	3.5036e+01	4.3087e-03	2.8035e-02	1.0000e+00	1.0101e+00	
3.7000e+01	0.0000e+00	0.0000e+00	0.0000e+00	0.0000e+00	5.0000e-01	3.6038e+01	4.2704e-03	2.7278e-02	1.0000e+00	1.0101e+00	
3.8000e+01	0.0000e+00	0.0000e+00	0.0000e+00	0.0000e+00	5.0000e-01	3.7039e+01	4.2337e-03	2.6559e-02	1.0000e+00	1.0101e+00	
3.9000e+01	0.0000e+00	0.0000e+00	0.0000e+00	0.0000e+00	5.0000e-01	3.8040e+01	4.1985e-03	2.5878e-02	1.0000e+00	1.0101e+00	
4.0000e+01	0.0000e+00	0.0000e+00	0.0000e+00	0.0000e+00	5.0000e-01	3.9042e+01	4.1648e-03	2.5231e-02	1.0000e+00	1.0101e+00	
4.1000e+01	0.0000e+00	0.0000e+00	0.0000e+00	0.0000e+00	5.0000e-01	4.0043e+01	4.1326e-03	2.4615e-02	1.0000e+00	1.0101e+00	
4.2000e+01	0.0000e+00	0.0000e+00	0.0000e+00	0.0000e+00	5.0000e-01	4.1045e+01	4.1021e-03	2.4029e-02	1.0000e+00	1.0100e+00	
4.3000e+01	0.0000e+00	0.0000e+00	0.0000e+00	0.0000e+00	5.0000e-01	4.2047e+01	4.0729e-03	2.3470e-02	1.0000e+00	1.0100e+00	
4.4000e+01	0.0000e+00	0.0000e+00	0.0000e+00	0.0000e+00	5.0000e-01	4.3048e+01	4.0447e-03	2.2936e-02	1.0000e+00	1.0100e+00	
4.5000e+01	0.0000e+00	0.0000e+00	0.0000e+00	0.0000e+00	5.0000e-01	4.4050e+01	4.0170e-03	2.2426e-02	1.0000e+00	1.0100e+00	
4.6000e+01	0.0000e+00	0.0000e+00	0.0000e+00	0.0000e+00	5.0000e-01	4.5051e+01	3.9895e-03	2.1938e-02	1.0000e+00	1.0100e+00	
4.7000e+01	0.0000e+00	0.0000e+00	0.0000e+00	0.0000e+00	5.0000e-01	4.6053e+01	3.9622e-03	2.1471e-02	1.0000e+00	1.0100e+00	
4.8000e+01	0.0000e+00	0.0000e+00	0.0000e+00	0.0000e+00	5.0000e-01	4.7054e+01	3.9355e-03	2.1024e-02	1.0000e+00	1.0100e+00	
4.9000e+01	0.0000e+00	0.0000e+00	0.0000e+00	0.0000e+00	5.0000e-01	4.8056e+01	3.9095e-03	2.0595e-02	1.0000e+00	1.0100e+00	
5.0000e+01	0.0000e+00	0.0000e+00	0.0000e+00	0.0000e+00	5.0000e-01	4.9058e+01	3.8845e-03	2.0183e-02	1.0000e+00	1.0100e+00	
5.1000e+01	0.0000e+00	0.0000e+00	0.0000e+00	0.0000e+00	5.0000e-01	5.0059e+01	3.8603e-03	1.9787e-02	1.0000e+00	1.0100e+00	
5.2000e+01	0.0000e+00	0.0000e+00	0.0000e+00	0.0000e+00	5.0000e-01	5.1061e+01	3.8371e-03	1.9407e-02	1.0000e+00	1.0100e+00	
5.3000e+01	0.0000e+00	0.0000e+00	0.0000e+00	0.0000e+00	5.0000e-01	5.2063e+01	3.8146e-03	1.9041e-02	1.0000e+00	1.0100e+00	
5.4000e+01	0.0000e+00	0.0000e+00	0.0000e+00	0.0000e+00	5.0000e-01	5.3064e+01	3.7929e-03	1.8688e-02	1.0000e+00	1.0100e+00	
5.5000e+01	0.0000e+00	0.0000e+00	0.0000e+00	0.0000e+00	5.0000e-01	5.4066e+01	3.7718e-03	1.8348e-02	1.0000e+00	1.0100e+00	
5.6000e+01	0.0000e+00	0.0000e+00	0.0000e+00	0.0000e+00	5.0000e-01	5.5068e+01	3.7509e-03	1.8021e-02	1.0000e+00	1.0100e+00	
5.7000e+01	0.0000e+00	0.0000e+00	0.0000e+00	0.0000e+00	5.0000e-01	5.6070e+01	3.7301e-03	1.7705e-02	1.0000e+00	1.0100e+00	
5.8000e+01	0.0000e+00	0.0000e+00	0.0000e+00	0.0000e+00	5.0000e-01	5.7071e+01	3.7094e-03	1.7399e-02	1.0000e+00	1.0101e+00	
5.9000e+01	0.0000e+00	0.0000e+00	0.0000e+00	0.0000e+00	5.0000e-01	5.8073e+01	3.6886e-03	1.7104e-02	1.0000e+00	1.0101e+00	
6.0000e+01	0.0000e+00	0.0000e+00	0.0000e+00	0.0000e+00	5.0000e-01	5.9075e+01	3.6679e-03	1.6819e-02	1.0000e+00	1.0101e+00	
6.1000e+01	0.0000e+00	0.0000e+00	0.0000e+00	0.0000e+00	5.0000e-01	6.0077e+01	3.6462e-03	1.6544e-02	1.0000e+00	1.0101e+00	
6.2000e+01	0.0000e+00	0.0000e+00	0.0000e+00	0.0000e+00	5.0000e-01	6.1078e+01	3.6220e-03	1.6277e-02	1.0000e+00	1.0101e+00	
6.3000e+01	0.0000e+00	0.0000e+00	0.0000e+00	0.0000e+00	5.0000e-01	6.2080e+01	3.6039e-03	1.6018e-02	1.0000e+00	1.0101e+00	
6.4000e+01	0.0000e+00	0.0000e+00	0.0000e+00	0.0000e+00	5.0000e-01	6.3082e+01	3.5924e-03	1.5768e-02	1.0000e+00	1.0101e+00	
6.5000e+01	0.0000e+00	0.0000e+00	0.0000e+00	0.0000e+00	5.0000e-01	6.4084e+01	3.5839e-03	1.5525e-02	1.0000e+00	1.0101e+00	
6.6000e+01	0.0000e+00	0.0000e+00	0.0000e+00	0.0000e+00	5.0000e-01	6.5086e+01	3.5654e-03	1.5290e-02	1.0000e+00	1.0101e+00	
6.7000e+01	0.0000e+00	0.0000e+00	0.0000e+00	0.0000e+00	5.0000e-01	6.6088e+01	3.5489e-03	1.5062e-02	1.0000e+00	1.0101e+00	
6.8000e+01	0.0000e+00	0.0000e+00	0.0000e+00	0.0000e+00	5.0000e-01	6.7089e+01	3.5423e-03	1.4840e-02	1.0000e+00	1.0101e+00	
6.9000e+01	0.0000e+00	0.0000e+00	0.0000e+00	0.0000e+00	5.0000e-01	6.8091e+01	3.5396e-03	1.4625e-02	1.0000e+00	1.0101e+00	
7.0000e+01	0.0000e+00	0.0000e+00	0.0000e+00	0.0000e+00	5.0000e-01	6.9093e+01	3.5361e-03	1.4416e-02	1.0000e+00	1.0101e+00	
7.1000e+01	0.0000e+00	0.0000e+00	0.0000e+00	0.0000e+00	5.0000e-01	7.0095e+01	3.5321e-03	1.4213e-02	1.0000e+00	1.0101e+00	
7.2000e+01	0.0000e+00	0.0000e+00	0.0000e+00	0.0000e+00	5.0000e-01	7.1097e+01	3.5302e-03	1.4016e-02	1.0000e+00	1.0101e+00	
7.3000e+01	0.0000e+00	0.0000e+00	0.0000e+00	0.0000e+00	5.0000e-01	7.2099e+01	3.5333e-03	1.3824e-02	1.0000e+00	1.0101e+00	
7.4000e+01	0.0000e+00	0.0000e+00	0.0000e+00	0.0000e+00	5.0000e-01	7.3101e+01	3.5429e-03	1.3637e-02	1.0000e+00	1.0101e+00	
7.5000e+01	0.0000e+00	0.0000e+00	0.0000e+00	0.0000e+00	5.0000e-01	7.4103e+01	3.5530e-03	1.3455e-02	1.0000e+00	1.0101e+00	
7.6000e+01	0.0000e+00	0.0000e+00	0.0000e+00	0.0000e+00	5.0000e-01	7.5105e+01	3.5460e-03	1.3278e-02	1.0000e+00	1.0101e+00	
7.7000e+01	0.0000e+00	0.0000e+00	0.0000e+00	0.0000e+00	5.0000e-01	7.6107e+01	3.5245e-03	1.3106e-02	1.0000e+00	1.0101e+00	
7.8000e+01	0.0000e+00	0.0000e+00	0.0000e+00	0.0000e+00	5.0000e-01	7.7109e+01	3.4770e-03	1.2938e-02	1.0000e+00	1.0101e+00	
7.9000e+01	0.0000e+00	0.0000e+00	0.0000e+00	0.0000e+00	5.0000e-01	7.8111e+01	3.4264e-03	1.2774e-02	1.0000e+00	1.0101e+00	
8.0000e+01	0.0000e+00	0.0000e+00	0.0000e+00	0.0000e+00	5.0000e-01	7.9113e+01	3.3910e-03	1.2614e-02	1.0000e+00	1.0101e+00	
8.1000e+01	0.0000e+00	0.0000e+00	0.0000e+00	0.0000e+00	5.0000e-01	8.0115e+01	3.3701e-03	1.2458e-02	1.0000e+00	1.0101e+00	
8.2000e+01	0.0000e+00	0.0000e+00	0.0000e+00	0.0000e+00	5.0000e-01	8.1117e+01	3.3602e-03	1.2306e-02	1.0000e+00	1.0101e+00	
8.3000e+01	0.0000e+00	0.0000e+00	0.0000e+00	0.0000e+00	5.0000e-01	8.2119e+01	3.3568e-03	1.2158e-02	1.0000e+00	1.0101e+00	
8.4000e+01	0.0000e+00	0.0000e+00	0.0000e+00	0.0000e+00	5.0000e-01	8.3121e+01	3.3554e-03	1.2013e-02	1.0000e+00	1.0101e+00	
8.5000e+01	0.0000e+00	0.0000e+00	0.0000e+00	0.0000e+00	5.0000e-01	8.4123e+01	3.3688e-03	1.1872e-02	1.0000e+00	1.0101e+00	
8.6000e+01	0.0000e+00	0.0000e+00	0.0000e+00	0.0000e+00	5.0000e-01	8.5125e+01	3.3839e-03	1.1734e-02	1.0000e+00	1.0101e+00	
8.7000e+01	0.0000e+00	0.0000e+00	0.0000e+00	0.0000e+00	5.0000e-01	8.6127e+01	3.3269e-03	1.1599e-02	1.0000e+00	1.0101e+00	
8.8000e+01	0.0000e+00	0.0000e+00	0.0000e+00	0.0000e+00	5.0000e-01	8.7129e+01	3.2974e-03	1.1467e-02	1.0000e+00	1.0101e+00	
8.9000e+01	0.0000e+00	0.0000e+00	0.0000e+00	0.0000e+00	5.0000e-01	8.8131e+01	3.3012e-03	1.1338e-02	1.0000e+00	1.0101e+00	
9.0000e+01	0.0000e+00	0.0000e+00	0.0000e+00	0.0000e+00	5.0000e-01	8.9133e+01	3.2697e-03	1.1212e-02	1.0000e+00	1.0101e+00	
9.1000e+01	0.0000e+00	0.0000e+00	0.0000e+00	0.0000e+00	5.0000e-01	9.0135e+01	3.2216e-03	1.1089e-02	1.0000e+00	1.0101e+00	
9.2000e+01	0.0000e+00	0.0000e+00	0.0000e+00	0.0000e+00	5.0000e-01	9.1137e+01	3.2141e-03	1.0968e-02	1.0000e+00	1.0101e+00	
9.3000e+01	0.0000e+00	0.0000e+00	0.0000e+00	0.0000e+00	5.0000e-01	9.2139e+01	3.2595e-03	1.0850e-02	1.0000e+00	1.0100e+00	
9.4000e+01	0.0000e+00	0.0000e+00	0.0000e+00	0.0000e+00	5.0000e-01	9.3141e+01	3.2024e-03	1.0735e-02	1.0000e+00	1.0101e+00	
9.5000e+01	0.0000e+00	0.0000e+00	0.0000e+00	0.0000e+00	5.0000e-01	9.4144e+01	3.1858e-03	1.0622e-02	1.0000e+00	1.0101e+00	
9.6000e+01	0.0000e+00	0.0000e+00	0.0000e+00	0.0000e+00	5.0000e-01	9.5146e+01	3.1494e-03	1.0511e-02	1.0000e+00	1.0101e+00	
9.7000e+01	0.0000e+00	0.0000e+00	0.0000e+00	0.0000e+00	5.0000e-01	9.6148e+01	3.1808e-03	1.0402e-02	1.0000e+00	1.0101e+00	
9.8000e+01	0.0000e+00	0.0000e+00	0.0000e+00	0.0000e+00	5.0000e-01	9.7150e+01	3.1279e-03	1.0296e-02	1.0000e+00	1.0101e+00	
9.9000e+01	0.0000e+00	0.0000e+00	0.0000e+00	0.0000e+00	5.0000e-01	9.8152e+01	3.1184e-03	1.0192e-02	1.0000e+00	1.0101e+00	
1.0000e+02	0.0000e+00	0.0000e+00	0.0000e+00	0.0000e+00	5.0000e-01	9.9154e+01	3.0944e-03	1.0090e-02	1.0000e+00	1.0101e+00	
1.0100e+02	0.0000e+00	0.0000e+00	0.0000e+00	0.0000e+00	5.0000e-01	1.0016e+02	0.0000e+00	0.0000e+00	0.0000e+00	0.0000e+00	
