k	ak	bk	ck	dk	ek	ekc	apk	
1.0000e+00	0.0000e+00	0.0000e+00	0.0000e+00	0.0000e+00	0.0000e+00	0.0000e+00	5.0000e-01	
2.0000e+00	0.0000e+00	0.0000e+00	0.0000e+00	1.2500e-01	3.1258e-02	3.1258e-02	5.0000e-01	
3.0000e+00	0.0000e+00	0.0000e+00	0.0000e+00	2.5000e-01	3.1259e-02	6.2516e-02	5.0000e-01	
4.0000e+00	0.0000e+00	0.0000e+00	0.0000e+00	3.7500e-01	3.1258e-02	9.3774e-02	5.0000e-01	
5.0000e+00	0.0000e+00	0.0000e+00	0.0000e+00	5.0000e-01	3.1257e-02	1.2503e-01	5.0000e-01	
6.0000e+00	0.0000e+00	0.0000e+00	0.0000e+00	6.2500e-01	3.1257e-02	1.5629e-01	5.0000e-01	
7.0000e+00	0.0000e+00	0.0000e+00	0.0000e+00	7.5000e-01	3.1257e-02	1.8754e-01	5.0000e-01	
8.0000e+00	0.0000e+00	0.0000e+00	0.0000e+00	8.7500e-01	3.1256e-02	2.1880e-01	5.0000e-01	
9.0000e+00	0.0000e+00	0.0000e+00	0.0000e+00	1.0000e+00	3.1256e-02	2.5006e-01	5.0000e-01	
1.0000e+01	0.0000e+00	0.0000e+00	0.0000e+00	1.1250e+00	3.1256e-02	2.8131e-01	5.0000e-01	
1.1000e+01	0.0000e+00	0.0000e+00	0.0000e+00	1.2500e+00	3.1256e-02	3.1257e-01	5.0000e-01	
1.2000e+01	0.0000e+00	0.0000e+00	0.0000e+00	1.3750e+00	3.1256e-02	3.4382e-01	5.0000e-01	
1.3000e+01	0.0000e+00	0.0000e+00	0.0000e+00	1.5000e+00	3.1256e-02	3.7508e-01	5.0000e-01	
1.4000e+01	0.0000e+00	0.0000e+00	0.0000e+00	1.6250e+00	3.1256e-02	4.0634e-01	5.0000e-01	
1.5000e+01	0.0000e+00	0.0000e+00	0.0000e+00	1.7500e+00	3.1256e-02	4.3759e-01	5.0000e-01	
1.6000e+01	0.0000e+00	0.0000e+00	0.0000e+00	1.8750e+00	3.1256e-02	4.6885e-01	5.0000e-01	
1.7000e+01	0.0000e+00	0.0000e+00	0.0000e+00	2.0000e+00	3.1256e-02	5.0010e-01	5.0000e-01	
1.8000e+01	0.0000e+00	0.0000e+00	0.0000e+00	2.1250e+00	3.1255e-02	5.3136e-01	5.0000e-01	
1.9000e+01	0.0000e+00	0.0000e+00	0.0000e+00	2.2500e+00	3.1255e-02	5.6261e-01	5.0000e-01	
2.0000e+01	0.0000e+00	0.0000e+00	0.0000e+00	2.3750e+00	3.1255e-02	5.9387e-01	5.0000e-01	
2.1000e+01	0.0000e+00	0.0000e+00	0.0000e+00	2.5000e+00	3.1255e-02	6.2512e-01	5.0000e-01	
2.2000e+01	0.0000e+00	0.0000e+00	0.0000e+00	2.6250e+00	3.1255e-02	6.5638e-01	5.0000e-01	
2.3000e+01	0.0000e+00	0.0000e+00	0.0000e+00	2.7500e+00	3.1255e-02	6.8764e-01	5.0000e-01	
2.4000e+01	0.0000e+00	0.0000e+00	0.0000e+00	2.8750e+00	3.1255e-02	7.1889e-01	5.0000e-01	
2.5000e+01	0.0000e+00	0.0000e+00	0.0000e+00	3.0000e+00	3.1255e-02	7.5015e-01	5.0000e-01	
2.6000e+01	0.0000e+00	0.0000e+00	0.0000e+00	3.1250e+00	3.1255e-02	7.8140e-01	5.0000e-01	
2.7000e+01	0.0000e+00	0.0000e+00	0.0000e+00	3.2500e+00	3.1255e-02	8.1266e-01	5.0000e-01	
2.8000e+01	0.0000e+00	0.0000e+00	0.0000e+00	3.3750e+00	3.1255e-02	8.4391e-01	5.0000e-01	
2.9000e+01	0.0000e+00	0.0000e+00	0.0000e+00	3.5000e+00	3.1255e-02	8.7517e-01	5.0000e-01	
3.0000e+01	0.0000e+00	0.0000e+00	0.0000e+00	3.6250e+00	3.1255e-02	9.0642e-01	5.0000e-01	
3.1000e+01	0.0000e+00	0.0000e+00	0.0000e+00	3.7500e+00	3.1255e-02	9.3768e-01	5.0000e-01	
3.2000e+01	0.0000e+00	0.0000e+00	0.0000e+00	3.8750e+00	3.1255e-02	9.6893e-01	5.0000e-01	
3.3000e+01	0.0000e+00	0.0000e+00	0.0000e+00	4.0000e+00	3.1255e-02	1.0002e+00	5.0000e-01	
3.4000e+01	0.0000e+00	0.0000e+00	0.0000e+00	4.1250e+00	3.1255e-02	1.0314e+00	5.0000e-01	
3.5000e+01	0.0000e+00	0.0000e+00	0.0000e+00	4.2500e+00	3.1255e-02	1.0627e+00	5.0000e-01	
3.6000e+01	0.0000e+00	0.0000e+00	0.0000e+00	4.3750e+00	3.1255e-02	1.0940e+00	5.0000e-01	
3.7000e+01	0.0000e+00	0.0000e+00	0.0000e+00	4.5000e+00	3.1255e-02	1.1252e+00	5.0000e-01	
3.8000e+01	0.0000e+00	0.0000e+00	0.0000e+00	4.6250e+00	3.1255e-02	1.1565e+00	5.0000e-01	
3.9000e+01	0.0000e+00	0.0000e+00	0.0000e+00	4.7500e+00	3.1255e-02	1.1877e+00	5.0000e-01	
4.0000e+01	0.0000e+00	0.0000e+00	0.0000e+00	4.8750e+00	3.1255e-02	1.2190e+00	5.0000e-01	
4.1000e+01	0.0000e+00	0.0000e+00	0.0000e+00	5.0000e+00	3.1255e-02	1.2502e+00	5.0000e-01	
4.2000e+01	0.0000e+00	0.0000e+00	0.0000e+00	5.1250e+00	3.1255e-02	1.2815e+00	5.0000e-01	
4.3000e+01	0.0000e+00	0.0000e+00	0.0000e+00	5.2500e+00	3.1255e-02	1.3127e+00	5.0000e-01	
4.4000e+01	0.0000e+00	0.0000e+00	0.0000e+00	5.3750e+00	3.1255e-02	1.3440e+00	5.0000e-01	
4.5000e+01	0.0000e+00	0.0000e+00	0.0000e+00	5.5000e+00	3.1255e-02	1.3753e+00	5.0000e-01	
4.6000e+01	0.0000e+00	0.0000e+00	0.0000e+00	5.6250e+00	3.1255e-02	1.4065e+00	5.0000e-01	
4.7000e+01	0.0000e+00	0.0000e+00	0.0000e+00	5.7500e+00	3.1255e-02	1.4378e+00	5.0000e-01	
4.8000e+01	0.0000e+00	0.0000e+00	0.0000e+00	5.8750e+00	3.1255e-02	1.4690e+00	5.0000e-01	
4.9000e+01	0.0000e+00	0.0000e+00	0.0000e+00	6.0000e+00	3.1255e-02	1.5003e+00	5.0000e-01	
5.0000e+01	0.0000e+00	0.0000e+00	0.0000e+00	6.1250e+00	3.1255e-02	1.5315e+00	5.0000e-01	
5.1000e+01	0.0000e+00	0.0000e+00	0.0000e+00	6.2500e+00	3.1255e-02	1.5628e+00	5.0000e-01	
5.2000e+01	0.0000e+00	0.0000e+00	0.0000e+00	6.3750e+00	3.1255e-02	1.5940e+00	5.0000e-01	
5.3000e+01	0.0000e+00	0.0000e+00	0.0000e+00	6.5000e+00	3.1255e-02	1.6253e+00	5.0000e-01	
5.4000e+01	0.0000e+00	0.0000e+00	0.0000e+00	6.6250e+00	3.1255e-02	1.6565e+00	5.0000e-01	
5.5000e+01	0.0000e+00	0.0000e+00	0.0000e+00	6.7500e+00	3.1255e-02	1.6878e+00	5.0000e-01	
5.6000e+01	0.0000e+00	0.0000e+00	0.0000e+00	6.8750e+00	3.1255e-02	1.7191e+00	5.0000e-01	
5.7000e+01	0.0000e+00	0.0000e+00	0.0000e+00	7.0000e+00	3.1255e-02	1.7503e+00	5.0000e-01	
5.8000e+01	0.0000e+00	0.0000e+00	0.0000e+00	7.1250e+00	3.1255e-02	1.7816e+00	5.0000e-01	
5.9000e+01	0.0000e+00	0.0000e+00	0.0000e+00	7.2500e+00	3.1255e-02	1.8128e+00	5.0000e-01	
6.0000e+01	0.0000e+00	0.0000e+00	0.0000e+00	7.3750e+00	3.1255e-02	1.8441e+00	5.0000e-01	
6.1000e+01	0.0000e+00	0.0000e+00	0.0000e+00	7.5000e+00	3.1255e-02	1.8753e+00	5.0000e-01	
6.2000e+01	0.0000e+00	0.0000e+00	0.0000e+00	7.6250e+00	3.1255e-02	1.9066e+00	5.0000e-01	
6.3000e+01	0.0000e+00	0.0000e+00	0.0000e+00	7.7500e+00	3.1255e-02	1.9378e+00	5.0000e-01	
6.4000e+01	0.0000e+00	0.0000e+00	0.0000e+00	7.8750e+00	3.1255e-02	1.9691e+00	5.0000e-01	
6.5000e+01	0.0000e+00	0.0000e+00	0.0000e+00	8.0000e+00	3.1255e-02	2.0004e+00	5.0000e-01	
6.6000e+01	0.0000e+00	0.0000e+00	0.0000e+00	8.1250e+00	3.1255e-02	2.0316e+00	5.0000e-01	
6.7000e+01	0.0000e+00	0.0000e+00	0.0000e+00	8.2500e+00	3.1255e-02	2.0629e+00	5.0000e-01	
6.8000e+01	0.0000e+00	0.0000e+00	0.0000e+00	8.3750e+00	3.1255e-02	2.0941e+00	5.0000e-01	
6.9000e+01	0.0000e+00	0.0000e+00	0.0000e+00	8.5000e+00	3.1255e-02	2.1254e+00	5.0000e-01	
7.0000e+01	0.0000e+00	0.0000e+00	0.0000e+00	8.6250e+00	3.1255e-02	2.1566e+00	5.0000e-01	
7.1000e+01	0.0000e+00	0.0000e+00	0.0000e+00	8.7500e+00	3.1255e-02	2.1879e+00	5.0000e-01	
7.2000e+01	0.0000e+00	0.0000e+00	0.0000e+00	8.8750e+00	3.1255e-02	2.2191e+00	5.0000e-01	
7.3000e+01	0.0000e+00	0.0000e+00	0.0000e+00	9.0000e+00	3.1255e-02	2.2504e+00	5.0000e-01	
7.4000e+01	0.0000e+00	0.0000e+00	0.0000e+00	9.1250e+00	3.1255e-02	2.2817e+00	5.0000e-01	
7.5000e+01	0.0000e+00	0.0000e+00	0.0000e+00	9.2500e+00	3.1255e-02	2.3129e+00	5.0000e-01	
7.6000e+01	0.0000e+00	0.0000e+00	0.0000e+00	9.3750e+00	3.1255e-02	2.3442e+00	5.0000e-01	
7.7000e+01	0.0000e+00	0.0000e+00	0.0000e+00	9.5000e+00	3.1255e-02	2.3754e+00	5.0000e-01	
7.8000e+01	0.0000e+00	0.0000e+00	0.0000e+00	9.6250e+00	3.1255e-02	2.4067e+00	5.0000e-01	
7.9000e+01	0.0000e+00	0.0000e+00	0.0000e+00	9.7500e+00	3.1255e-02	2.4379e+00	5.0000e-01	
8.0000e+01	0.0000e+00	0.0000e+00	0.0000e+00	9.8750e+00	3.1255e-02	2.4692e+00	5.0000e-01	
8.1000e+01	0.0000e+00	0.0000e+00	0.0000e+00	1.0000e+01	3.1255e-02	2.5004e+00	5.0000e-01	
8.2000e+01	0.0000e+00	0.0000e+00	0.0000e+00	1.0125e+01	3.1255e-02	2.5317e+00	5.0000e-01	
8.3000e+01	0.0000e+00	0.0000e+00	0.0000e+00	1.0250e+01	3.1255e-02	2.5629e+00	5.0000e-01	
8.4000e+01	0.0000e+00	0.0000e+00	0.0000e+00	1.0375e+01	3.1255e-02	2.5942e+00	5.0000e-01	
8.5000e+01	0.0000e+00	0.0000e+00	0.0000e+00	1.0500e+01	3.1255e-02	2.6255e+00	5.0000e-01	
8.6000e+01	0.0000e+00	0.0000e+00	0.0000e+00	1.0625e+01	3.1255e-02	2.6567e+00	5.0000e-01	
8.7000e+01	0.0000e+00	0.0000e+00	0.0000e+00	1.0750e+01	3.1255e-02	2.6880e+00	5.0000e-01	
8.8000e+01	0.0000e+00	0.0000e+00	0.0000e+00	1.0875e+01	3.1255e-02	2.7192e+00	5.0000e-01	
8.9000e+01	0.0000e+00	0.0000e+00	0.0000e+00	1.1000e+01	3.1255e-02	2.7505e+00	5.0000e-01	
9.0000e+01	0.0000e+00	0.0000e+00	0.0000e+00	1.1125e+01	3.1255e-02	2.7817e+00	5.0000e-01	
9.1000e+01	0.0000e+00	0.0000e+00	0.0000e+00	1.1250e+01	3.1255e-02	2.8130e+00	5.0000e-01	
9.2000e+01	0.0000e+00	0.0000e+00	0.0000e+00	1.1375e+01	3.1255e-02	2.8442e+00	5.0000e-01	
9.3000e+01	0.0000e+00	0.0000e+00	0.0000e+00	1.1500e+01	3.1255e-02	2.8755e+00	5.0000e-01	
9.4000e+01	0.0000e+00	0.0000e+00	0.0000e+00	1.1625e+01	3.1255e-02	2.9068e+00	5.0000e-01	
9.5000e+01	0.0000e+00	0.0000e+00	0.0000e+00	1.1750e+01	3.1255e-02	2.9380e+00	5.0000e-01	
9.6000e+01	0.0000e+00	0.0000e+00	0.0000e+00	1.1875e+01	3.1255e-02	2.9693e+00	5.0000e-01	
9.7000e+01	0.0000e+00	0.0000e+00	0.0000e+00	1.2000e+01	3.1255e-02	3.0005e+00	5.0000e-01	
9.8000e+01	0.0000e+00	0.0000e+00	0.0000e+00	1.2125e+01	3.1255e-02	3.0318e+00	5.0000e-01	
9.9000e+01	0.0000e+00	0.0000e+00	0.0000e+00	1.2250e+01	3.1255e-02	3.0630e+00	5.0000e-01	
1.0000e+02	0.0000e+00	0.0000e+00	0.0000e+00	1.2375e+01	3.1255e-02	3.0943e+00	5.0000e-01	
1.0100e+02	0.0000e+00	0.0000e+00	0.0000e+00	1.2500e+01	3.1255e-02	3.1255e+00	5.0000e-01	
