k	Q11	Q12	Q22	ak	dk	alphak	tauk	deltak	gammak	
1.0000e+00	0.0000e+00	0.0000e+00	0.0000e+00	5.0000e-01	0.0000e+00	-9.9998e-01	1.0000e+00	1.0000e+00	1.9998e+00	
2.0000e+00	0.0000e+00	0.0000e+00	9.9979e-01	5.0000e-01	1.9996e+00	-9.9997e-01	5.9990e-01	1.0000e+00	2.9998e+00	
3.0000e+00	0.0000e+00	0.0000e+00	2.5001e+00	5.0000e-01	5.0001e+00	-9.9997e-01	4.3908e-01	1.0000e+00	3.9155e+00	
4.0000e+00	0.0000e+00	0.0000e+00	4.4584e+00	5.0000e-01	8.9169e+00	-9.9998e-01	3.4946e-01	1.0000e+00	4.7914e+00	
5.0000e+00	0.0000e+00	0.0000e+00	6.8550e+00	5.0000e-01	1.3710e+01	-9.9998e-01	2.9156e-01	1.0000e+00	5.6436e+00	
6.0000e+00	0.0000e+00	0.0000e+00	9.6780e+00	5.0000e-01	1.9356e+01	-9.9998e-01	2.5078e-01	1.0000e+00	6.4801e+00	
7.0000e+00	0.0000e+00	0.0000e+00	1.2919e+01	5.0000e-01	2.5839e+01	-9.9998e-01	2.2038e-01	1.0000e+00	7.3051e+00	
8.0000e+00	0.0000e+00	0.0000e+00	1.6574e+01	5.0000e-01	3.3147e+01	-9.9998e-01	1.9677e-01	1.0000e+00	8.1215e+00	
9.0000e+00	0.0000e+00	0.0000e+00	2.0636e+01	5.0000e-01	4.1272e+01	-9.9998e-01	1.7788e-01	1.0000e+00	8.9310e+00	
1.0000e+01	0.0000e+00	0.0000e+00	2.5104e+01	5.0000e-01	5.0208e+01	-9.9998e-01	1.6239e-01	1.0000e+00	9.7351e+00	
1.1000e+01	0.0000e+00	0.0000e+00	2.9974e+01	5.0000e-01	5.9948e+01	-9.9998e-01	1.4945e-01	1.0000e+00	1.0535e+01	
1.2000e+01	0.0000e+00	0.0000e+00	3.5244e+01	5.0000e-01	7.0487e+01	-9.9999e-01	1.3847e-01	1.0000e+00	1.1330e+01	
1.3000e+01	0.0000e+00	0.0000e+00	4.0912e+01	5.0000e-01	8.1823e+01	-9.9999e-01	1.2903e-01	1.0000e+00	1.2123e+01	
1.4000e+01	0.0000e+00	0.0000e+00	4.6976e+01	5.0000e-01	9.3952e+01	-9.9999e-01	1.2082e-01	1.0000e+00	1.2913e+01	
1.5000e+01	0.0000e+00	0.0000e+00	5.3436e+01	5.0000e-01	1.0687e+02	-9.9999e-01	1.1362e-01	1.0000e+00	1.3700e+01	
1.6000e+01	0.0000e+00	0.0000e+00	6.0289e+01	5.0000e-01	1.2058e+02	-9.9999e-01	1.0724e-01	1.0000e+00	1.4485e+01	
1.7000e+01	0.0000e+00	0.0000e+00	6.7535e+01	5.0000e-01	1.3507e+02	-9.9999e-01	1.0155e-01	1.0000e+00	1.5268e+01	
1.8000e+01	0.0000e+00	0.0000e+00	7.5173e+01	5.0000e-01	1.5035e+02	-9.9999e-01	9.6447e-02	1.0000e+00	1.6050e+01	
1.9000e+01	0.0000e+00	0.0000e+00	8.3202e+01	5.0000e-01	1.6640e+02	-9.9999e-01	9.1841e-02	1.0000e+00	1.6829e+01	
2.0000e+01	0.0000e+00	0.0000e+00	9.1621e+01	5.0000e-01	1.8324e+02	-9.9999e-01	8.7662e-02	1.0000e+00	1.7608e+01	
2.1000e+01	0.0000e+00	0.0000e+00	1.0043e+02	5.0000e-01	2.0086e+02	-9.9999e-01	8.3852e-02	1.0000e+00	1.8385e+01	
2.2000e+01	0.0000e+00	0.0000e+00	1.0963e+02	5.0000e-01	2.1925e+02	-9.9999e-01	8.0365e-02	1.0000e+00	1.9161e+01	
2.3000e+01	0.0000e+00	0.0000e+00	1.1921e+02	5.0000e-01	2.3843e+02	-9.9999e-01	7.7160e-02	1.0000e+00	1.9936e+01	
2.4000e+01	0.0000e+00	0.0000e+00	1.2919e+02	5.0000e-01	2.5837e+02	-9.9999e-01	7.4205e-02	1.0000e+00	2.0710e+01	
2.5000e+01	0.0000e+00	0.0000e+00	1.3955e+02	5.0000e-01	2.7909e+02	-9.9999e-01	7.1471e-02	1.0000e+00	2.1484e+01	
2.6000e+01	0.0000e+00	0.0000e+00	1.5029e+02	5.0000e-01	3.0059e+02	-9.9999e-01	6.8934e-02	1.0000e+00	2.2256e+01	
2.7000e+01	0.0000e+00	0.0000e+00	1.6143e+02	5.0000e-01	3.2286e+02	-9.9999e-01	6.6573e-02	1.0000e+00	2.3028e+01	
2.8000e+01	0.0000e+00	0.0000e+00	1.7295e+02	5.0000e-01	3.4590e+02	-9.9999e-01	6.4370e-02	1.0000e+00	2.3798e+01	
2.9000e+01	0.0000e+00	0.0000e+00	1.8485e+02	5.0000e-01	3.6971e+02	-9.9999e-01	6.2310e-02	1.0000e+00	2.4569e+01	
3.0000e+01	0.0000e+00	0.0000e+00	1.9715e+02	5.0000e-01	3.9429e+02	-9.9999e-01	6.0380e-02	1.0000e+00	2.5338e+01	
3.1000e+01	0.0000e+00	0.0000e+00	2.0982e+02	5.0000e-01	4.1964e+02	-9.9999e-01	5.8567e-02	1.0000e+00	2.6107e+01	
3.2000e+01	0.0000e+00	0.0000e+00	2.2288e+02	5.0000e-01	4.4576e+02	-9.9999e-01	5.6860e-02	1.0000e+00	2.6876e+01	
3.3000e+01	0.0000e+00	0.0000e+00	2.3633e+02	5.0000e-01	4.7265e+02	-9.9999e-01	5.5252e-02	1.0000e+00	2.7643e+01	
3.4000e+01	0.0000e+00	0.0000e+00	2.5016e+02	5.0000e-01	5.0031e+02	-9.9999e-01	5.3733e-02	1.0000e+00	2.8411e+01	
3.5000e+01	0.0000e+00	0.0000e+00	2.6437e+02	5.0000e-01	5.2874e+02	-9.9999e-01	5.2296e-02	1.0000e+00	2.9178e+01	
3.6000e+01	0.0000e+00	0.0000e+00	2.7897e+02	5.0000e-01	5.5793e+02	-9.9999e-01	5.0934e-02	1.0000e+00	2.9944e+01	
3.7000e+01	0.0000e+00	0.0000e+00	2.9395e+02	5.0000e-01	5.8789e+02	-9.9999e-01	4.9643e-02	1.0000e+00	3.0710e+01	
3.8000e+01	0.0000e+00	0.0000e+00	3.0931e+02	5.0000e-01	6.1862e+02	-9.9999e-01	4.8416e-02	1.0000e+00	3.1476e+01	
3.9000e+01	0.0000e+00	0.0000e+00	3.2506e+02	5.0000e-01	6.5011e+02	-9.9999e-01	4.7248e-02	1.0000e+00	3.2241e+01	
4.0000e+01	0.0000e+00	0.0000e+00	3.4119e+02	5.0000e-01	6.8237e+02	-9.9999e-01	4.6137e-02	1.0000e+00	3.3006e+01	
4.1000e+01	0.0000e+00	0.0000e+00	3.5770e+02	5.0000e-01	7.1540e+02	-9.9999e-01	4.5076e-02	1.0000e+00	3.3771e+01	
4.2000e+01	0.0000e+00	0.0000e+00	3.7459e+02	5.0000e-01	7.4919e+02	-9.9999e-01	4.4064e-02	1.0000e+00	3.4535e+01	
4.3000e+01	0.0000e+00	0.0000e+00	3.9187e+02	5.0000e-01	7.8374e+02	-9.9999e-01	4.3097e-02	1.0000e+00	3.5299e+01	
4.4000e+01	0.0000e+00	0.0000e+00	4.0953e+02	5.0000e-01	8.1906e+02	-9.9999e-01	4.2171e-02	1.0000e+00	3.6063e+01	
4.5000e+01	0.0000e+00	0.0000e+00	4.2757e+02	5.0000e-01	8.5514e+02	-9.9999e-01	4.1285e-02	1.0000e+00	3.6826e+01	
4.6000e+01	0.0000e+00	0.0000e+00	4.4599e+02	5.0000e-01	8.9199e+02	-9.9999e-01	4.0436e-02	1.0000e+00	3.7589e+01	
4.7000e+01	0.0000e+00	0.0000e+00	4.6480e+02	5.0000e-01	9.2960e+02	-9.9999e-01	3.9621e-02	1.0000e+00	3.8352e+01	
4.8000e+01	0.0000e+00	0.0000e+00	4.8399e+02	5.0000e-01	9.6797e+02	-9.9999e-01	3.8838e-02	1.0000e+00	3.9115e+01	
4.9000e+01	0.0000e+00	0.0000e+00	5.0355e+02	5.0000e-01	1.0071e+03	-9.9999e-01	3.8086e-02	1.0000e+00	3.9877e+01	
5.0000e+01	0.0000e+00	0.0000e+00	5.2350e+02	5.0000e-01	1.0470e+03	-9.9999e-01	3.7363e-02	1.0000e+00	4.0639e+01	
5.1000e+01	0.0000e+00	0.0000e+00	5.4383e+02	5.0000e-01	1.0877e+03	-9.9999e-01	3.6667e-02	1.0000e+00	4.1401e+01	
5.2000e+01	0.0000e+00	0.0000e+00	5.6455e+02	5.0000e-01	1.1291e+03	-9.9999e-01	3.5997e-02	1.0000e+00	4.2163e+01	
5.3000e+01	0.0000e+00	0.0000e+00	5.8564e+02	5.0000e-01	1.1713e+03	-9.9999e-01	3.5351e-02	1.0000e+00	4.2924e+01	
5.4000e+01	0.0000e+00	0.0000e+00	6.0711e+02	5.0000e-01	1.2142e+03	-9.9999e-01	3.4728e-02	1.0000e+00	4.3685e+01	
5.5000e+01	0.0000e+00	0.0000e+00	6.2897e+02	5.0000e-01	1.2579e+03	-9.9999e-01	3.4126e-02	1.0000e+00	4.4446e+01	
5.6000e+01	0.0000e+00	0.0000e+00	6.5120e+02	5.0000e-01	1.3024e+03	-9.9999e-01	3.3545e-02	1.0000e+00	4.5207e+01	
5.7000e+01	0.0000e+00	0.0000e+00	6.7382e+02	5.0000e-01	1.3476e+03	-9.9999e-01	3.2984e-02	1.0000e+00	4.5968e+01	
5.8000e+01	0.0000e+00	0.0000e+00	6.9681e+02	5.0000e-01	1.3936e+03	-9.9999e-01	3.2442e-02	1.0000e+00	4.6729e+01	
5.9000e+01	0.0000e+00	0.0000e+00	7.2019e+02	5.0000e-01	1.4404e+03	-9.9999e-01	3.1917e-02	1.0000e+00	4.7489e+01	
6.0000e+01	0.0000e+00	0.0000e+00	7.4395e+02	5.0000e-01	1.4879e+03	-9.9999e-01	3.1408e-02	1.0000e+00	4.8249e+01	
6.1000e+01	0.0000e+00	0.0000e+00	7.6809e+02	5.0000e-01	1.5362e+03	-9.9999e-01	3.0916e-02	1.0000e+00	4.9009e+01	
6.2000e+01	0.0000e+00	0.0000e+00	7.9261e+02	5.0000e-01	1.5852e+03	-9.9999e-01	3.0439e-02	1.0000e+00	4.9769e+01	
6.3000e+01	0.0000e+00	0.0000e+00	8.1750e+02	5.0000e-01	1.6350e+03	-9.9999e-01	2.9977e-02	1.0000e+00	5.0529e+01	
6.4000e+01	0.0000e+00	0.0000e+00	8.4278e+02	5.0000e-01	1.6856e+03	-9.9999e-01	2.9529e-02	1.0000e+00	5.1288e+01	
6.5000e+01	0.0000e+00	0.0000e+00	8.6844e+02	5.0000e-01	1.7369e+03	-9.9999e-01	2.9094e-02	1.0000e+00	5.2048e+01	
6.6000e+01	0.0000e+00	0.0000e+00	8.9448e+02	5.0000e-01	1.7890e+03	-9.9999e-01	2.8671e-02	1.0000e+00	5.2807e+01	
6.7000e+01	0.0000e+00	0.0000e+00	9.2090e+02	5.0000e-01	1.8418e+03	-9.9999e-01	2.8261e-02	1.0000e+00	5.3566e+01	
6.8000e+01	0.0000e+00	0.0000e+00	9.4769e+02	5.0000e-01	1.8954e+03	-9.9999e-01	2.7863e-02	1.0000e+00	5.4325e+01	
6.9000e+01	0.0000e+00	0.0000e+00	9.7487e+02	5.0000e-01	1.9497e+03	-9.9999e-01	2.7475e-02	1.0000e+00	5.5084e+01	
7.0000e+01	0.0000e+00	0.0000e+00	1.0024e+03	5.0000e-01	2.0049e+03	-9.9999e-01	2.7099e-02	1.0000e+00	5.5843e+01	
7.1000e+01	0.0000e+00	0.0000e+00	1.0304e+03	5.0000e-01	2.0607e+03	-9.9999e-01	2.6732e-02	1.0000e+00	5.6602e+01	
7.2000e+01	0.0000e+00	0.0000e+00	1.0587e+03	5.0000e-01	2.1174e+03	-9.9999e-01	2.6375e-02	1.0000e+00	5.7360e+01	
7.3000e+01	0.0000e+00	0.0000e+00	1.0874e+03	5.0000e-01	2.1748e+03	-9.9999e-01	2.6028e-02	1.0000e+00	5.8119e+01	
7.4000e+01	0.0000e+00	0.0000e+00	1.1165e+03	5.0000e-01	2.2329e+03	-9.9999e-01	2.5690e-02	1.0000e+00	5.8877e+01	
7.5000e+01	0.0000e+00	0.0000e+00	1.1459e+03	5.0000e-01	2.2918e+03	-9.9999e-01	2.5361e-02	1.0000e+00	5.9636e+01	
7.6000e+01	0.0000e+00	0.0000e+00	1.1757e+03	5.0000e-01	2.3515e+03	-9.9999e-01	2.5040e-02	1.0000e+00	6.0394e+01	
7.7000e+01	0.0000e+00	0.0000e+00	1.2060e+03	5.0000e-01	2.4119e+03	-9.9999e-01	2.4727e-02	1.0000e+00	6.1152e+01	
7.8000e+01	0.0000e+00	0.0000e+00	1.2366e+03	5.0000e-01	2.4731e+03	-9.9999e-01	2.4421e-02	1.0000e+00	6.1910e+01	
7.9000e+01	0.0000e+00	0.0000e+00	1.2675e+03	5.0000e-01	2.5350e+03	-9.9999e-01	2.4124e-02	1.0000e+00	6.2668e+01	
8.0000e+01	0.0000e+00	0.0000e+00	1.2989e+03	5.0000e-01	2.5978e+03	-9.9999e-01	2.3833e-02	1.0000e+00	6.3425e+01	
8.1000e+01	0.0000e+00	0.0000e+00	1.3306e+03	5.0000e-01	2.6612e+03	-9.9999e-01	2.3550e-02	1.0000e+00	6.4183e+01	
8.2000e+01	0.0000e+00	0.0000e+00	1.3627e+03	5.0000e-01	2.7254e+03	-9.9999e-01	2.3273e-02	1.0000e+00	6.4941e+01	
8.3000e+01	0.0000e+00	0.0000e+00	1.3952e+03	5.0000e-01	2.7904e+03	-9.9999e-01	2.3002e-02	1.0000e+00	6.5698e+01	
8.4000e+01	0.0000e+00	0.0000e+00	1.4281e+03	5.0000e-01	2.8561e+03	-9.9999e-01	2.2738e-02	1.0000e+00	6.6456e+01	
8.5000e+01	0.0000e+00	0.0000e+00	1.4613e+03	5.0000e-01	2.9226e+03	-9.9999e-01	2.2480e-02	1.0000e+00	6.7213e+01	
8.6000e+01	0.0000e+00	0.0000e+00	1.4949e+03	5.0000e-01	2.9899e+03	-9.9999e-01	2.2228e-02	1.0000e+00	6.7970e+01	
8.7000e+01	0.0000e+00	0.0000e+00	1.5289e+03	5.0000e-01	3.0579e+03	-9.9999e-01	2.1981e-02	1.0000e+00	6.8728e+01	
8.8000e+01	0.0000e+00	0.0000e+00	1.5633e+03	5.0000e-01	3.1267e+03	-9.9999e-01	2.1740e-02	1.0000e+00	6.9485e+01	
8.9000e+01	0.0000e+00	0.0000e+00	1.5981e+03	5.0000e-01	3.1962e+03	-9.9999e-01	2.1504e-02	1.0000e+00	7.0242e+01	
9.0000e+01	0.0000e+00	0.0000e+00	1.6332e+03	5.0000e-01	3.2665e+03	-9.9999e-01	2.1273e-02	1.0000e+00	7.0999e+01	
9.1000e+01	0.0000e+00	0.0000e+00	1.6688e+03	5.0000e-01	3.3375e+03	-9.9999e-01	2.1047e-02	1.0000e+00	7.1756e+01	
9.2000e+01	0.0000e+00	0.0000e+00	1.7046e+03	5.0000e-01	3.4093e+03	-9.9999e-01	2.0826e-02	1.0000e+00	7.2512e+01	
9.3000e+01	0.0000e+00	0.0000e+00	1.7409e+03	5.0000e-01	3.4818e+03	-9.9999e-01	2.0609e-02	1.0000e+00	7.3269e+01	
9.4000e+01	0.0000e+00	0.0000e+00	1.7776e+03	5.0000e-01	3.5552e+03	-9.9999e-01	2.0397e-02	1.0000e+00	7.4026e+01	
9.5000e+01	0.0000e+00	0.0000e+00	1.8146e+03	5.0000e-01	3.6292e+03	-9.9999e-01	2.0189e-02	1.0000e+00	7.4783e+01	
9.6000e+01	0.0000e+00	0.0000e+00	1.8520e+03	5.0000e-01	3.7041e+03	-9.9999e-01	1.9986e-02	1.0000e+00	7.5539e+01	
9.7000e+01	0.0000e+00	0.0000e+00	1.8898e+03	5.0000e-01	3.7796e+03	-9.9999e-01	1.9786e-02	1.0000e+00	7.6296e+01	
9.8000e+01	0.0000e+00	0.0000e+00	1.9280e+03	5.0000e-01	3.8560e+03	-9.9999e-01	1.9591e-02	1.0000e+00	7.7052e+01	
9.9000e+01	0.0000e+00	0.0000e+00	1.9665e+03	5.0000e-01	3.9331e+03	-9.9999e-01	1.9399e-02	1.0000e+00	7.7808e+01	
1.0000e+02	0.0000e+00	0.0000e+00	2.0055e+03	5.0000e-01	4.0109e+03	-9.9999e-01	1.9211e-02	1.0000e+00	7.8565e+01	
1.0100e+02	0.0000e+00	0.0000e+00	2.0448e+03	5.0000e-01	4.0895e+03	0.0000e+00	0.0000e+00	0.0000e+00	0.0000e+00	
