k	ak	apk	bk	ck	dk	alphak	tauk	deltak	gammak	
1.0000e+00	0.0000e+00	5.0000e-01	0.0000e+00	0.0000e+00	0.0000e+00	9.9996e-01	1.0000e+00	1.0000e+00	1.9997e+00	
2.0000e+00	1.0552e-06	5.0000e-01	9.9937e-01	-9.7660e-04	2.0014e+00	9.9992e-01	5.9981e-01	1.0000e+00	2.9996e+00	
3.0000e+00	1.0433e-06	5.0000e-01	2.4985e+00	-1.5871e-03	5.0037e+00	9.9992e-01	4.3899e-01	1.0000e+00	3.9152e+00	
4.0000e+00	1.0744e-06	5.0001e-01	4.4559e+00	-2.1512e-03	8.9225e+00	9.9992e-01	3.4938e-01	1.0000e+00	4.7911e+00	
5.0000e+00	1.0798e-06	5.0001e-01	6.8515e+00	-2.6828e-03	1.3718e+01	9.9993e-01	2.9148e-01	1.0000e+00	5.6435e+00	
6.0000e+00	1.0859e-06	5.0001e-01	9.6732e+00	-3.2018e-03	1.9367e+01	9.9993e-01	2.5071e-01	1.0000e+00	6.4800e+00	
7.0000e+00	1.0889e-06	5.0002e-01	1.2913e+01	-3.7111e-03	2.5854e+01	9.9993e-01	2.2031e-01	1.0000e+00	7.3051e+00	
8.0000e+00	1.0911e-06	5.0002e-01	1.6566e+01	-4.2153e-03	3.3166e+01	9.9993e-01	1.9671e-01	1.0000e+00	8.1215e+00	
9.0000e+00	1.0955e-06	5.0002e-01	2.0627e+01	-4.7185e-03	4.1296e+01	9.9993e-01	1.7782e-01	1.0000e+00	8.9312e+00	
1.0000e+01	1.1005e-06	5.0002e-01	2.5093e+01	-5.2208e-03	5.0236e+01	9.9993e-01	1.6234e-01	1.0000e+00	9.7353e+00	
1.1000e+01	1.1055e-06	5.0003e-01	2.9961e+01	-5.7230e-03	5.9982e+01	9.9993e-01	1.4940e-01	1.0000e+00	1.0535e+01	
1.2000e+01	1.1103e-06	5.0003e-01	3.5229e+01	-6.2252e-03	7.0528e+01	9.9993e-01	1.3843e-01	1.0000e+00	1.1331e+01	
1.3000e+01	1.1143e-06	5.0003e-01	4.0896e+01	-6.7246e-03	8.1871e+01	9.9993e-01	1.2899e-01	1.0000e+00	1.2123e+01	
1.4000e+01	1.1170e-06	5.0004e-01	4.6958e+01	-7.2182e-03	9.4008e+01	9.9993e-01	1.2078e-01	1.0000e+00	1.2913e+01	
1.5000e+01	1.1185e-06	5.0004e-01	5.3416e+01	-7.7059e-03	1.0693e+02	9.9993e-01	1.1358e-01	1.0000e+00	1.3700e+01	
1.6000e+01	1.1195e-06	5.0004e-01	6.0267e+01	-8.1894e-03	1.2065e+02	9.9993e-01	1.0720e-01	1.0000e+00	1.4486e+01	
1.7000e+01	1.1200e-06	5.0004e-01	6.7512e+01	-8.6693e-03	1.3515e+02	9.9993e-01	1.0152e-01	1.0000e+00	1.5269e+01	
1.8000e+01	1.1200e-06	5.0005e-01	7.5147e+01	-9.1446e-03	1.5044e+02	9.9993e-01	9.6414e-02	1.0000e+00	1.6050e+01	
1.9000e+01	1.1195e-06	5.0005e-01	8.3174e+01	-9.6146e-03	1.6651e+02	9.9993e-01	9.1809e-02	1.0000e+00	1.6830e+01	
2.0000e+01	1.1187e-06	5.0005e-01	9.1591e+01	-1.0080e-02	1.8336e+02	9.9993e-01	8.7631e-02	1.0000e+00	1.7609e+01	
2.1000e+01	1.1178e-06	5.0005e-01	1.0040e+02	-1.0543e-02	2.0098e+02	9.9993e-01	8.3823e-02	1.0000e+00	1.8386e+01	
2.2000e+01	1.1170e-06	5.0006e-01	1.0959e+02	-1.1005e-02	2.1939e+02	9.9993e-01	8.0336e-02	1.0000e+00	1.9163e+01	
2.3000e+01	1.1163e-06	5.0006e-01	1.1918e+02	-1.1467e-02	2.3858e+02	9.9993e-01	7.7133e-02	1.0000e+00	1.9938e+01	
2.4000e+01	1.1156e-06	5.0006e-01	1.2915e+02	-1.1928e-02	2.5854e+02	9.9993e-01	7.4178e-02	1.0000e+00	2.0712e+01	
2.5000e+01	1.1149e-06	5.0006e-01	1.3950e+02	-1.2390e-02	2.7927e+02	9.9993e-01	7.1445e-02	1.0000e+00	2.1485e+01	
2.6000e+01	1.1142e-06	5.0007e-01	1.5025e+02	-1.2851e-02	3.0078e+02	9.9993e-01	6.8909e-02	1.0000e+00	2.2257e+01	
2.7000e+01	1.1134e-06	5.0007e-01	1.6138e+02	-1.3312e-02	3.2306e+02	9.9993e-01	6.6549e-02	1.0000e+00	2.3029e+01	
2.8000e+01	1.1126e-06	5.0007e-01	1.7290e+02	-1.3772e-02	3.4612e+02	9.9993e-01	6.4347e-02	1.0000e+00	2.3800e+01	
2.9000e+01	1.1117e-06	5.0007e-01	1.8480e+02	-1.4232e-02	3.6995e+02	9.9993e-01	6.2288e-02	1.0000e+00	2.4570e+01	
3.0000e+01	1.1109e-06	5.0008e-01	1.9709e+02	-1.4692e-02	3.9455e+02	9.9993e-01	6.0358e-02	1.0000e+00	2.5340e+01	
3.1000e+01	1.1101e-06	5.0008e-01	2.0976e+02	-1.5152e-02	4.1992e+02	9.9993e-01	5.8545e-02	1.0000e+00	2.6109e+01	
3.2000e+01	1.1094e-06	5.0008e-01	2.2282e+02	-1.5612e-02	4.4606e+02	9.9993e-01	5.6840e-02	1.0000e+00	2.6877e+01	
3.3000e+01	1.1088e-06	5.0008e-01	2.3626e+02	-1.6072e-02	4.7297e+02	9.9993e-01	5.5232e-02	1.0000e+00	2.7645e+01	
3.4000e+01	1.1084e-06	5.0009e-01	2.5009e+02	-1.6532e-02	5.0064e+02	9.9993e-01	5.3713e-02	1.0000e+00	2.8413e+01	
3.5000e+01	1.1080e-06	5.0009e-01	2.6430e+02	-1.6992e-02	5.2909e+02	9.9993e-01	5.2277e-02	1.0000e+00	2.9180e+01	
3.6000e+01	1.1078e-06	5.0009e-01	2.7889e+02	-1.7453e-02	5.5831e+02	9.9993e-01	5.0916e-02	1.0000e+00	2.9946e+01	
3.7000e+01	1.1076e-06	5.0009e-01	2.9387e+02	-1.7914e-02	5.8829e+02	9.9993e-01	4.9625e-02	1.0000e+00	3.0712e+01	
3.8000e+01	1.1075e-06	5.0010e-01	3.0923e+02	-1.8375e-02	6.1904e+02	9.9993e-01	4.8398e-02	1.0000e+00	3.1478e+01	
3.9000e+01	1.1075e-06	5.0010e-01	3.2497e+02	-1.8835e-02	6.5055e+02	9.9993e-01	4.7231e-02	1.0000e+00	3.2243e+01	
4.0000e+01	1.1075e-06	5.0010e-01	3.4110e+02	-1.9296e-02	6.8284e+02	9.9993e-01	4.6120e-02	1.0000e+00	3.3008e+01	
4.1000e+01	1.1074e-06	5.0010e-01	3.5760e+02	-1.9757e-02	7.1589e+02	9.9993e-01	4.5060e-02	1.0000e+00	3.3773e+01	
4.2000e+01	1.1074e-06	5.0011e-01	3.7450e+02	-2.0217e-02	7.4970e+02	9.9993e-01	4.4048e-02	1.0000e+00	3.4537e+01	
4.3000e+01	1.1073e-06	5.0011e-01	3.9177e+02	-2.0676e-02	7.8428e+02	9.9993e-01	4.3081e-02	1.0000e+00	3.5301e+01	
4.4000e+01	1.1073e-06	5.0011e-01	4.0942e+02	-2.1136e-02	8.1962e+02	9.9993e-01	4.2156e-02	1.0000e+00	3.6065e+01	
4.5000e+01	1.1072e-06	5.0011e-01	4.2746e+02	-2.1595e-02	8.5573e+02	9.9993e-01	4.1270e-02	1.0000e+00	3.6828e+01	
4.6000e+01	1.1071e-06	5.0011e-01	4.4588e+02	-2.2053e-02	8.9261e+02	9.9993e-01	4.0421e-02	1.0000e+00	3.7591e+01	
4.7000e+01	1.1070e-06	5.0012e-01	4.6468e+02	-2.2511e-02	9.3025e+02	9.9994e-01	3.9607e-02	1.0000e+00	3.8354e+01	
4.8000e+01	1.1070e-06	5.0012e-01	4.8386e+02	-2.2969e-02	9.6865e+02	9.9994e-01	3.8824e-02	1.0000e+00	3.9117e+01	
4.9000e+01	1.1069e-06	5.0012e-01	5.0343e+02	-2.3427e-02	1.0078e+03	9.9994e-01	3.8073e-02	1.0000e+00	3.9879e+01	
5.0000e+01	1.1069e-06	5.0012e-01	5.2337e+02	-2.3885e-02	1.0477e+03	9.9994e-01	3.7350e-02	1.0000e+00	4.0641e+01	
5.1000e+01	1.1069e-06	5.0012e-01	5.4370e+02	-2.4342e-02	1.0884e+03	9.9994e-01	3.6654e-02	1.0000e+00	4.1403e+01	
5.2000e+01	1.1070e-06	5.0013e-01	5.6441e+02	-2.4800e-02	1.1299e+03	9.9994e-01	3.5984e-02	1.0000e+00	4.2165e+01	
5.3000e+01	1.1071e-06	5.0013e-01	5.8550e+02	-2.5257e-02	1.1721e+03	9.9994e-01	3.5338e-02	1.0000e+00	4.2927e+01	
5.4000e+01	1.1072e-06	5.0013e-01	6.0697e+02	-2.5715e-02	1.2151e+03	9.9994e-01	3.4715e-02	1.0000e+00	4.3688e+01	
5.5000e+01	1.1073e-06	5.0013e-01	6.2882e+02	-2.6172e-02	1.2588e+03	9.9994e-01	3.4114e-02	1.0000e+00	4.4449e+01	
5.6000e+01	1.1075e-06	5.0014e-01	6.5105e+02	-2.6629e-02	1.3033e+03	9.9994e-01	3.3533e-02	1.0000e+00	4.5210e+01	
5.7000e+01	1.1077e-06	5.0014e-01	6.7366e+02	-2.7087e-02	1.3486e+03	9.9994e-01	3.2972e-02	1.0000e+00	4.5971e+01	
5.8000e+01	1.1079e-06	5.0014e-01	6.9666e+02	-2.7544e-02	1.3946e+03	9.9994e-01	3.2430e-02	1.0000e+00	4.6731e+01	
5.9000e+01	1.1081e-06	5.0014e-01	7.2003e+02	-2.8001e-02	1.4414e+03	9.9994e-01	3.1905e-02	1.0000e+00	4.7492e+01	
6.0000e+01	1.1083e-06	5.0014e-01	7.4378e+02	-2.8457e-02	1.4890e+03	9.9994e-01	3.1397e-02	1.0000e+00	4.8252e+01	
6.1000e+01	1.1085e-06	5.0014e-01	7.6792e+02	-2.8914e-02	1.5373e+03	9.9994e-01	3.0905e-02	1.0000e+00	4.9012e+01	
6.2000e+01	1.1086e-06	5.0015e-01	7.9243e+02	-2.9370e-02	1.5864e+03	9.9994e-01	3.0429e-02	1.0000e+00	4.9772e+01	
6.3000e+01	1.1088e-06	5.0015e-01	8.1733e+02	-2.9825e-02	1.6362e+03	9.9994e-01	2.9967e-02	1.0000e+00	5.0532e+01	
6.4000e+01	1.1088e-06	5.0015e-01	8.4260e+02	-3.0280e-02	1.6868e+03	9.9994e-01	2.9518e-02	1.0000e+00	5.1291e+01	
6.5000e+01	1.1089e-06	5.0015e-01	8.6826e+02	-3.0736e-02	1.7382e+03	9.9994e-01	2.9083e-02	1.0000e+00	5.2051e+01	
6.6000e+01	1.1089e-06	5.0015e-01	8.9429e+02	-3.1190e-02	1.7903e+03	9.9994e-01	2.8661e-02	1.0000e+00	5.2810e+01	
6.7000e+01	1.1088e-06	5.0015e-01	9.2070e+02	-3.1643e-02	1.8432e+03	9.9994e-01	2.8251e-02	1.0000e+00	5.3570e+01	
6.8000e+01	1.1087e-06	5.0016e-01	9.4750e+02	-3.2096e-02	1.8968e+03	9.9994e-01	2.7853e-02	1.0000e+00	5.4329e+01	
6.9000e+01	1.1085e-06	5.0016e-01	9.7467e+02	-3.2547e-02	1.9512e+03	9.9994e-01	2.7466e-02	1.0000e+00	5.5088e+01	
7.0000e+01	1.1082e-06	5.0016e-01	1.0022e+03	-3.2996e-02	2.0064e+03	9.9994e-01	2.7089e-02	1.0000e+00	5.5846e+01	
7.1000e+01	1.1078e-06	5.0016e-01	1.0302e+03	-3.3445e-02	2.0623e+03	9.9994e-01	2.6723e-02	1.0000e+00	5.6605e+01	
7.2000e+01	1.1074e-06	5.0016e-01	1.0585e+03	-3.3891e-02	2.1190e+03	9.9994e-01	2.6366e-02	1.0000e+00	5.7364e+01	
7.3000e+01	1.1069e-06	5.0016e-01	1.0872e+03	-3.4336e-02	2.1764e+03	9.9994e-01	2.6019e-02	1.0000e+00	5.8122e+01	
7.4000e+01	1.1064e-06	5.0016e-01	1.1162e+03	-3.4780e-02	2.2346e+03	9.9994e-01	2.5681e-02	1.0000e+00	5.8881e+01	
7.5000e+01	1.1058e-06	5.0016e-01	1.1457e+03	-3.5223e-02	2.2936e+03	9.9994e-01	2.5352e-02	1.0000e+00	5.9639e+01	
7.6000e+01	1.1053e-06	5.0016e-01	1.1755e+03	-3.5665e-02	2.3533e+03	9.9994e-01	2.5031e-02	1.0000e+00	6.0397e+01	
7.7000e+01	1.1048e-06	5.0017e-01	1.2057e+03	-3.6109e-02	2.4138e+03	9.9994e-01	2.4718e-02	1.0000e+00	6.1155e+01	
7.8000e+01	1.1044e-06	5.0017e-01	1.2363e+03	-3.6552e-02	2.4750e+03	9.9994e-01	2.4413e-02	1.0000e+00	6.1913e+01	
7.9000e+01	1.1040e-06	5.0017e-01	1.2673e+03	-3.6996e-02	2.5370e+03	9.9994e-01	2.4115e-02	1.0000e+00	6.2671e+01	
8.0000e+01	1.1037e-06	5.0017e-01	1.2986e+03	-3.7442e-02	2.5998e+03	9.9994e-01	2.3824e-02	1.0000e+00	6.3429e+01	
8.1000e+01	1.1035e-06	5.0017e-01	1.3303e+03	-3.7888e-02	2.6633e+03	9.9995e-01	2.3541e-02	1.0000e+00	6.4187e+01	
8.2000e+01	1.1033e-06	5.0017e-01	1.3624e+03	-3.8334e-02	2.7276e+03	9.9995e-01	2.3264e-02	1.0000e+00	6.4945e+01	
8.3000e+01	1.1032e-06	5.0017e-01	1.3949e+03	-3.8781e-02	2.7926e+03	9.9995e-01	2.2994e-02	1.0000e+00	6.5702e+01	
8.4000e+01	1.1032e-06	5.0017e-01	1.4278e+03	-3.9228e-02	2.8584e+03	9.9995e-01	2.2730e-02	1.0000e+00	6.6460e+01	
8.5000e+01	1.1033e-06	5.0017e-01	1.4610e+03	-3.9674e-02	2.9250e+03	9.9995e-01	2.2472e-02	1.0000e+00	6.7217e+01	
8.6000e+01	1.1035e-06	5.0017e-01	1.4946e+03	-4.0117e-02	2.9923e+03	9.9995e-01	2.2219e-02	1.0000e+00	6.7975e+01	
8.7000e+01	1.1036e-06	5.0016e-01	1.5286e+03	-4.0559e-02	3.0603e+03	9.9995e-01	2.1973e-02	1.0000e+00	6.8732e+01	
8.8000e+01	1.1037e-06	5.0016e-01	1.5630e+03	-4.1000e-02	3.1292e+03	9.9995e-01	2.1732e-02	1.0000e+00	6.9490e+01	
8.9000e+01	1.1036e-06	5.0016e-01	1.5977e+03	-4.1436e-02	3.1988e+03	9.9995e-01	2.1496e-02	1.0000e+00	7.0247e+01	
9.0000e+01	1.1035e-06	5.0016e-01	1.6329e+03	-4.1873e-02	3.2691e+03	9.9995e-01	2.1265e-02	1.0000e+00	7.1004e+01	
9.1000e+01	1.1032e-06	5.0016e-01	1.6684e+03	-4.2310e-02	3.3402e+03	9.9995e-01	2.1039e-02	1.0000e+00	7.1761e+01	
9.2000e+01	1.1030e-06	5.0015e-01	1.7043e+03	-4.2750e-02	3.4121e+03	9.9995e-01	2.0817e-02	1.0000e+00	7.2518e+01	
9.3000e+01	1.1028e-06	5.0015e-01	1.7405e+03	-4.3187e-02	3.4847e+03	9.9996e-01	2.0601e-02	1.0000e+00	7.3275e+01	
9.4000e+01	1.1023e-06	5.0014e-01	1.7772e+03	-4.3620e-02	3.5580e+03	9.9996e-01	2.0389e-02	1.0000e+00	7.4033e+01	
9.5000e+01	1.1021e-06	5.0014e-01	1.8142e+03	-4.4060e-02	3.6322e+03	9.9996e-01	2.0181e-02	1.0000e+00	7.4790e+01	
9.6000e+01	1.1026e-06	5.0013e-01	1.8516e+03	-4.4522e-02	3.7071e+03	9.9996e-01	1.9977e-02	1.0000e+00	7.5547e+01	
9.7000e+01	1.1027e-06	5.0012e-01	1.8894e+03	-4.4977e-02	3.7827e+03	9.9996e-01	1.9778e-02	1.0000e+00	7.6305e+01	
9.8000e+01	1.1047e-06	5.0010e-01	1.9275e+03	-4.5461e-02	3.8591e+03	9.9996e-01	1.9582e-02	1.0000e+00	7.7062e+01	
9.9000e+01	1.1153e-06	5.0008e-01	1.9660e+03	-4.6064e-02	3.9363e+03	9.9996e-01	1.9390e-02	1.0000e+00	7.7820e+01	
1.0000e+02	1.0775e-06	5.0003e-01	2.0050e+03	-4.6148e-02	4.0142e+03	9.9631e-01	1.9201e-02	2.0108e+01	1.5337e+03	
1.0100e+02	0.0000e+00	0.0000e+00	0.0000e+00	0.0000e+00	4.0930e+03	0.0000e+00	0.0000e+00	0.0000e+00	0.0000e+00	
