k	ak	apk	bk	ck	dk	alphak	tauk	deltak	gammak	gammakp	
1.0000e+00	0.0000e+00	5.0000e-01	0.0000e+00	0.0000e+00	0.0000e+00	2.8000e-10	1.0000e+00	1.0000e+00	-7.6507e-11	2.0000e+00	
2.0000e+00	0.0000e+00	5.0000e-01	-1.0000e+00	0.0000e+00	2.0000e+00	3.8197e-01	6.1803e-01	1.0000e+00	-6.9971e-11	3.2361e+00	
3.0000e+00	0.0000e+00	5.0000e-01	-2.6180e+00	0.0000e+00	5.2361e+00	5.4411e-01	4.5589e-01	1.0000e+00	-6.9838e-11	4.3871e+00	
4.0000e+00	0.0000e+00	5.0000e-01	-4.8116e+00	0.0000e+00	9.6231e+00	6.3634e-01	3.6366e-01	1.0000e+00	-6.9855e-11	5.4996e+00	
5.0000e+00	0.0000e+00	5.0000e-01	-7.5614e+00	0.0000e+00	1.5123e+01	6.9650e-01	3.0350e-01	1.0000e+00	-6.9955e-11	6.5898e+00	
6.0000e+00	0.0000e+00	5.0000e-01	-1.0856e+01	0.0000e+00	2.1712e+01	7.3908e-01	2.6092e-01	1.0000e+00	-7.0094e-11	7.6652e+00	
7.0000e+00	0.0000e+00	5.0000e-01	-1.4689e+01	0.0000e+00	2.9378e+01	7.7091e-01	2.2909e-01	1.0000e+00	-7.0255e-11	8.7302e+00	
8.0000e+00	0.0000e+00	5.0000e-01	-1.9054e+01	0.0000e+00	3.8108e+01	7.9565e-01	2.0435e-01	1.0000e+00	-7.0424e-11	9.7872e+00	
9.0000e+00	0.0000e+00	5.0000e-01	-2.3948e+01	0.0000e+00	4.7895e+01	8.1547e-01	1.8453e-01	1.0000e+00	-7.0583e-11	1.0838e+01	
1.0000e+01	0.0000e+00	5.0000e-01	-2.9367e+01	0.0000e+00	5.8733e+01	8.3171e-01	1.6829e-01	1.0000e+00	-7.0719e-11	1.1884e+01	
1.1000e+01	0.0000e+00	5.0000e-01	-3.5309e+01	0.0000e+00	7.0617e+01	8.4528e-01	1.5472e-01	1.0000e+00	-7.0825e-11	1.2926e+01	
1.2000e+01	0.0000e+00	5.0000e-01	-4.1772e+01	0.0000e+00	8.3544e+01	8.5678e-01	1.4322e-01	1.0000e+00	-7.0903e-11	1.3965e+01	
1.3000e+01	0.0000e+00	5.0000e-01	-4.8754e+01	0.0000e+00	9.7509e+01	8.6667e-01	1.3333e-01	1.0000e+00	-7.0955e-11	1.5001e+01	
1.4000e+01	0.0000e+00	5.0000e-01	-5.6255e+01	0.0000e+00	1.1251e+02	8.7526e-01	1.2474e-01	1.0000e+00	-7.0985e-11	1.6034e+01	
1.5000e+01	0.0000e+00	5.0000e-01	-6.4272e+01	0.0000e+00	1.2854e+02	8.8280e-01	1.1720e-01	1.0000e+00	-7.0991e-11	1.7065e+01	
1.6000e+01	0.0000e+00	5.0000e-01	-7.2804e+01	0.0000e+00	1.4561e+02	8.8947e-01	1.1053e-01	1.0000e+00	-7.0974e-11	1.8094e+01	
1.7000e+01	0.0000e+00	5.0000e-01	-8.1851e+01	0.0000e+00	1.6370e+02	8.9541e-01	1.0459e-01	1.0000e+00	-7.0939e-11	1.9122e+01	
1.8000e+01	0.0000e+00	5.0000e-01	-9.1412e+01	0.0000e+00	1.8282e+02	9.0073e-01	9.9265e-02	1.0000e+00	-7.0895e-11	2.0148e+01	
1.9000e+01	0.0000e+00	5.0000e-01	-1.0149e+02	0.0000e+00	2.0297e+02	9.0554e-01	9.4460e-02	1.0000e+00	-7.0855e-11	2.1173e+01	
2.0000e+01	0.0000e+00	5.0000e-01	-1.1207e+02	0.0000e+00	2.2415e+02	9.0990e-01	9.0104e-02	1.0000e+00	-7.0833e-11	2.2196e+01	
2.1000e+01	0.0000e+00	5.0000e-01	-1.2317e+02	0.0000e+00	2.4634e+02	9.1386e-01	8.6136e-02	1.0000e+00	-7.0840e-11	2.3219e+01	
2.2000e+01	0.0000e+00	5.0000e-01	-1.3478e+02	0.0000e+00	2.6956e+02	9.1749e-01	8.2506e-02	1.0000e+00	-7.0871e-11	2.4241e+01	
2.3000e+01	0.0000e+00	5.0000e-01	-1.4690e+02	0.0000e+00	2.9380e+02	9.2083e-01	7.9173e-02	1.0000e+00	-7.0922e-11	2.5261e+01	
2.4000e+01	0.0000e+00	5.0000e-01	-1.5953e+02	0.0000e+00	3.1906e+02	9.2390e-01	7.6101e-02	1.0000e+00	-7.0987e-11	2.6281e+01	
2.5000e+01	0.0000e+00	5.0000e-01	-1.7267e+02	0.0000e+00	3.4534e+02	9.2674e-01	7.3260e-02	1.0000e+00	-7.1058e-11	2.7300e+01	
2.6000e+01	0.0000e+00	5.0000e-01	-1.8632e+02	0.0000e+00	3.7264e+02	9.2937e-01	7.0626e-02	1.0000e+00	-7.1141e-11	2.8318e+01	
2.7000e+01	0.0000e+00	5.0000e-01	-2.0048e+02	0.0000e+00	4.0096e+02	9.3182e-01	6.8176e-02	1.0000e+00	-7.1226e-11	2.9336e+01	
2.8000e+01	0.0000e+00	5.0000e-01	-2.1515e+02	0.0000e+00	4.3030e+02	9.3411e-01	6.5891e-02	1.0000e+00	-7.1313e-11	3.0353e+01	
2.9000e+01	0.0000e+00	5.0000e-01	-2.3033e+02	0.0000e+00	4.6065e+02	9.3624e-01	6.3756e-02	1.0000e+00	-7.1415e-11	3.1369e+01	
3.0000e+01	0.0000e+00	5.0000e-01	-2.4601e+02	0.0000e+00	4.9202e+02	9.3824e-01	6.1756e-02	1.0000e+00	-7.1532e-11	3.2385e+01	
3.1000e+01	0.0000e+00	5.0000e-01	-2.6220e+02	0.0000e+00	5.2441e+02	9.4012e-01	5.9879e-02	1.0000e+00	-7.1657e-11	3.3401e+01	
3.2000e+01	0.0000e+00	5.0000e-01	-2.7890e+02	0.0000e+00	5.5781e+02	9.4189e-01	5.8113e-02	1.0000e+00	-7.1799e-11	3.4416e+01	
3.3000e+01	0.0000e+00	5.0000e-01	-2.9611e+02	0.0000e+00	5.9222e+02	9.4355e-01	5.6449e-02	1.0000e+00	-7.1949e-11	3.5430e+01	
3.4000e+01	0.0000e+00	5.0000e-01	-3.1383e+02	0.0000e+00	6.2765e+02	9.4512e-01	5.4878e-02	1.0000e+00	-7.2098e-11	3.6444e+01	
3.5000e+01	0.0000e+00	5.0000e-01	-3.3205e+02	0.0000e+00	6.6410e+02	9.4661e-01	5.3393e-02	1.0000e+00	-7.2249e-11	3.7458e+01	
3.6000e+01	0.0000e+00	5.0000e-01	-3.5078e+02	0.0000e+00	7.0155e+02	9.4801e-01	5.1987e-02	1.0000e+00	-7.2397e-11	3.8471e+01	
3.7000e+01	0.0000e+00	5.0000e-01	-3.7001e+02	0.0000e+00	7.4003e+02	9.4935e-01	5.0653e-02	1.0000e+00	-7.2524e-11	3.9484e+01	
3.8000e+01	0.0000e+00	5.0000e-01	-3.8976e+02	0.0000e+00	7.7951e+02	9.5061e-01	4.9386e-02	1.0000e+00	-7.2634e-11	4.0497e+01	
3.9000e+01	0.0000e+00	5.0000e-01	-4.1000e+02	0.0000e+00	8.2001e+02	9.5182e-01	4.8182e-02	1.0000e+00	-7.2733e-11	4.1509e+01	
4.0000e+01	0.0000e+00	5.0000e-01	-4.3076e+02	0.0000e+00	8.6152e+02	9.5296e-01	4.7035e-02	1.0000e+00	-7.2823e-11	4.2521e+01	
4.1000e+01	0.0000e+00	5.0000e-01	-4.5202e+02	0.0000e+00	9.0404e+02	9.5406e-01	4.5942e-02	1.0000e+00	-7.2886e-11	4.3533e+01	
4.2000e+01	0.0000e+00	5.0000e-01	-4.7379e+02	0.0000e+00	9.4757e+02	9.5510e-01	4.4899e-02	1.0000e+00	-7.2945e-11	4.4545e+01	
4.3000e+01	0.0000e+00	5.0000e-01	-4.9606e+02	0.0000e+00	9.9212e+02	9.5610e-01	4.3902e-02	1.0000e+00	-7.2985e-11	4.5556e+01	
4.4000e+01	0.0000e+00	5.0000e-01	-5.1884e+02	0.0000e+00	1.0377e+03	9.5705e-01	4.2949e-02	1.0000e+00	-7.3020e-11	4.6567e+01	
4.5000e+01	0.0000e+00	5.0000e-01	-5.4212e+02	0.0000e+00	1.0842e+03	9.5796e-01	4.2037e-02	1.0000e+00	-7.3056e-11	4.7578e+01	
4.6000e+01	0.0000e+00	5.0000e-01	-5.6591e+02	0.0000e+00	1.1318e+03	9.5884e-01	4.1162e-02	1.0000e+00	-7.3070e-11	4.8588e+01	
4.7000e+01	0.0000e+00	5.0000e-01	-5.9020e+02	0.0000e+00	1.1804e+03	9.5968e-01	4.0324e-02	1.0000e+00	-7.3092e-11	4.9598e+01	
4.8000e+01	0.0000e+00	5.0000e-01	-6.1500e+02	0.0000e+00	1.2300e+03	9.6048e-01	3.9519e-02	1.0000e+00	-7.3125e-11	5.0609e+01	
4.9000e+01	0.0000e+00	5.0000e-01	-6.4031e+02	0.0000e+00	1.2806e+03	9.6125e-01	3.8746e-02	1.0000e+00	-7.3141e-11	5.1618e+01	
5.0000e+01	0.0000e+00	5.0000e-01	-6.6612e+02	0.0000e+00	1.3322e+03	9.6200e-01	3.8003e-02	1.0000e+00	-7.3163e-11	5.2628e+01	
5.1000e+01	0.0000e+00	5.0000e-01	-6.9243e+02	0.0000e+00	1.3849e+03	9.6271e-01	3.7287e-02	1.0000e+00	-7.3166e-11	5.3638e+01	
5.2000e+01	0.0000e+00	5.0000e-01	-7.1925e+02	0.0000e+00	1.4385e+03	9.6340e-01	3.6599e-02	1.0000e+00	-7.3230e-11	5.4647e+01	
5.3000e+01	0.0000e+00	5.0000e-01	-7.4657e+02	0.0000e+00	1.4931e+03	9.6407e-01	3.5935e-02	1.0000e+00	-7.3269e-11	5.5656e+01	
5.4000e+01	0.0000e+00	5.0000e-01	-7.7440e+02	0.0000e+00	1.5488e+03	9.6470e-01	3.5295e-02	1.0000e+00	-7.3321e-11	5.6665e+01	
5.5000e+01	0.0000e+00	5.0000e-01	-8.0273e+02	0.0000e+00	1.6055e+03	9.6532e-01	3.4678e-02	1.0000e+00	-7.3389e-11	5.7674e+01	
5.6000e+01	0.0000e+00	5.0000e-01	-8.3157e+02	0.0000e+00	1.6631e+03	9.6592e-01	3.4082e-02	1.0000e+00	-7.3474e-11	5.8683e+01	
5.7000e+01	0.0000e+00	5.0000e-01	-8.6091e+02	0.0000e+00	1.7218e+03	9.6649e-01	3.3506e-02	1.0000e+00	-7.3526e-11	5.9691e+01	
5.8000e+01	0.0000e+00	5.0000e-01	-8.9076e+02	0.0000e+00	1.7815e+03	9.6705e-01	3.2949e-02	1.0000e+00	-7.3560e-11	6.0699e+01	
5.9000e+01	0.0000e+00	5.0000e-01	-9.2111e+02	0.0000e+00	1.8422e+03	9.6759e-01	3.2411e-02	1.0000e+00	-7.3531e-11	6.1708e+01	
6.0000e+01	0.0000e+00	5.0000e-01	-9.5196e+02	0.0000e+00	1.9039e+03	9.6811e-01	3.1890e-02	1.0000e+00	-7.3482e-11	6.2716e+01	
6.1000e+01	0.0000e+00	5.0000e-01	-9.8332e+02	0.0000e+00	1.9666e+03	9.6861e-01	3.1385e-02	1.0000e+00	-7.3333e-11	6.3724e+01	
6.2000e+01	0.0000e+00	5.0000e-01	-1.0152e+03	0.0000e+00	2.0304e+03	9.6910e-01	3.0897e-02	1.0000e+00	-7.3183e-11	6.4732e+01	
6.3000e+01	0.0000e+00	5.0000e-01	-1.0475e+03	0.0000e+00	2.0951e+03	9.6958e-01	3.0423e-02	1.0000e+00	-7.2981e-11	6.5739e+01	
6.4000e+01	0.0000e+00	5.0000e-01	-1.0804e+03	0.0000e+00	2.1608e+03	9.7004e-01	2.9964e-02	1.0000e+00	-7.2733e-11	6.6747e+01	
6.5000e+01	0.0000e+00	5.0000e-01	-1.1138e+03	0.0000e+00	2.2276e+03	9.7048e-01	2.9518e-02	1.0000e+00	-7.2494e-11	6.7754e+01	
6.6000e+01	0.0000e+00	5.0000e-01	-1.1477e+03	0.0000e+00	2.2953e+03	9.7091e-01	2.9086e-02	1.0000e+00	-7.2285e-11	6.8762e+01	
6.7000e+01	0.0000e+00	5.0000e-01	-1.1820e+03	0.0000e+00	2.3641e+03	9.7133e-01	2.8666e-02	1.0000e+00	-7.2113e-11	6.9769e+01	
6.8000e+01	0.0000e+00	5.0000e-01	-1.2169e+03	0.0000e+00	2.4339e+03	9.7174e-01	2.8258e-02	1.0000e+00	-7.1971e-11	7.0776e+01	
6.9000e+01	0.0000e+00	5.0000e-01	-1.2523e+03	0.0000e+00	2.5046e+03	9.7214e-01	2.7862e-02	1.0000e+00	-7.1908e-11	7.1783e+01	
7.0000e+01	0.0000e+00	5.0000e-01	-1.2882e+03	0.0000e+00	2.5764e+03	9.7252e-01	2.7476e-02	1.0000e+00	-7.1931e-11	7.2790e+01	
7.1000e+01	0.0000e+00	5.0000e-01	-1.3246e+03	0.0000e+00	2.6492e+03	9.7290e-01	2.7101e-02	1.0000e+00	-7.2206e-11	7.3797e+01	
7.2000e+01	0.0000e+00	5.0000e-01	-1.3615e+03	0.0000e+00	2.7230e+03	9.7326e-01	2.6737e-02	1.0000e+00	-7.2602e-11	7.4804e+01	
7.3000e+01	0.0000e+00	5.0000e-01	-1.3989e+03	0.0000e+00	2.7978e+03	9.7362e-01	2.6382e-02	1.0000e+00	-7.2530e-11	7.5811e+01	
7.4000e+01	0.0000e+00	5.0000e-01	-1.4368e+03	0.0000e+00	2.8736e+03	9.7396e-01	2.6036e-02	1.0000e+00	-7.1988e-11	7.6817e+01	
7.5000e+01	0.0000e+00	5.0000e-01	-1.4752e+03	0.0000e+00	2.9504e+03	9.7430e-01	2.5699e-02	1.0000e+00	-7.1742e-11	7.7824e+01	
7.6000e+01	0.0000e+00	5.0000e-01	-1.5141e+03	0.0000e+00	3.0283e+03	9.7463e-01	2.5371e-02	1.0000e+00	-7.1632e-11	7.8830e+01	
7.7000e+01	0.0000e+00	5.0000e-01	-1.5535e+03	0.0000e+00	3.1071e+03	9.7495e-01	2.5051e-02	1.0000e+00	-7.1539e-11	7.9836e+01	
7.8000e+01	0.0000e+00	5.0000e-01	-1.5935e+03	0.0000e+00	3.1869e+03	9.7526e-01	2.4739e-02	1.0000e+00	-7.1326e-11	8.0843e+01	
7.9000e+01	0.0000e+00	5.0000e-01	-1.6339e+03	0.0000e+00	3.2678e+03	9.7556e-01	2.4435e-02	1.0000e+00	-7.1041e-11	8.1849e+01	
8.0000e+01	0.0000e+00	5.0000e-01	-1.6748e+03	0.0000e+00	3.3496e+03	9.7586e-01	2.4139e-02	1.0000e+00	-7.0902e-11	8.2855e+01	
8.1000e+01	0.0000e+00	5.0000e-01	-1.7162e+03	0.0000e+00	3.4325e+03	9.7615e-01	2.3849e-02	1.0000e+00	-7.0991e-11	8.3861e+01	
8.2000e+01	0.0000e+00	5.0000e-01	-1.7582e+03	0.0000e+00	3.5163e+03	9.7643e-01	2.3566e-02	1.0000e+00	-7.1024e-11	8.4867e+01	
8.3000e+01	0.0000e+00	5.0000e-01	-1.8006e+03	0.0000e+00	3.6012e+03	9.7671e-01	2.3290e-02	1.0000e+00	-7.0873e-11	8.5873e+01	
8.4000e+01	0.0000e+00	5.0000e-01	-1.8435e+03	0.0000e+00	3.6871e+03	9.7698e-01	2.3021e-02	1.0000e+00	-7.0636e-11	8.6879e+01	
8.5000e+01	0.0000e+00	5.0000e-01	-1.8870e+03	0.0000e+00	3.7740e+03	9.7724e-01	2.2757e-02	1.0000e+00	-7.0273e-11	8.7884e+01	
8.6000e+01	0.0000e+00	5.0000e-01	-1.9309e+03	0.0000e+00	3.8618e+03	9.7750e-01	2.2500e-02	1.0000e+00	-6.9254e-11	8.8890e+01	
8.7000e+01	0.0000e+00	5.0000e-01	-1.9754e+03	0.0000e+00	3.9507e+03	9.7775e-01	2.2248e-02	1.0000e+00	-6.9517e-11	8.9896e+01	
8.8000e+01	0.0000e+00	5.0000e-01	-2.0203e+03	0.0000e+00	4.0406e+03	9.7800e-01	2.2002e-02	1.0000e+00	-7.0165e-11	9.0901e+01	
8.9000e+01	0.0000e+00	5.0000e-01	-2.0658e+03	0.0000e+00	4.1315e+03	9.7824e-01	2.1761e-02	1.0000e+00	-6.9836e-11	9.1907e+01	
9.0000e+01	0.0000e+00	5.0000e-01	-2.1117e+03	0.0000e+00	4.2234e+03	9.7847e-01	2.1526e-02	1.0000e+00	-6.9550e-11	9.2912e+01	
9.1000e+01	0.0000e+00	5.0000e-01	-2.1582e+03	0.0000e+00	4.3163e+03	9.7870e-01	2.1295e-02	1.0000e+00	-6.7370e-11	9.3918e+01	
9.2000e+01	0.0000e+00	5.0000e-01	-2.2051e+03	0.0000e+00	4.4103e+03	9.7893e-01	2.1070e-02	1.0000e+00	-6.9291e-11	9.4923e+01	
9.3000e+01	0.0000e+00	5.0000e-01	-2.2526e+03	0.0000e+00	4.5052e+03	9.7915e-01	2.0849e-02	1.0000e+00	-6.8315e-11	9.5928e+01	
9.4000e+01	0.0000e+00	5.0000e-01	-2.3006e+03	0.0000e+00	4.6011e+03	9.7937e-01	2.0633e-02	1.0000e+00	-6.9165e-11	9.6933e+01	
9.5000e+01	0.0000e+00	5.0000e-01	-2.3490e+03	0.0000e+00	4.6981e+03	9.7958e-01	2.0421e-02	1.0000e+00	-6.7871e-11	9.7939e+01	
9.6000e+01	0.0000e+00	5.0000e-01	-2.3980e+03	0.0000e+00	4.7960e+03	9.7979e-01	2.0214e-02	1.0000e+00	-6.8253e-11	9.8944e+01	
9.7000e+01	0.0000e+00	5.0000e-01	-2.4475e+03	0.0000e+00	4.8949e+03	9.7999e-01	2.0010e-02	1.0000e+00	-6.7110e-11	9.9949e+01	
9.8000e+01	0.0000e+00	5.0000e-01	-2.4974e+03	0.0000e+00	4.9949e+03	9.8019e-01	1.9811e-02	1.0000e+00	-6.9713e-11	1.0095e+02	
9.9000e+01	0.0000e+00	5.0000e-01	-2.5479e+03	0.0000e+00	5.0958e+03	9.8038e-01	1.9616e-02	1.0000e+00	-7.0798e-11	1.0196e+02	
1.0000e+02	0.0000e+00	5.0000e-01	-2.5989e+03	0.0000e+00	5.1978e+03	9.8058e-01	1.9424e-02	1.0000e+00	-7.7565e-11	1.0296e+02	
1.0100e+02	0.0000e+00	5.0000e-01	-2.6504e+03	0.0000e+00	5.3008e+03	0.0000e+00	0.0000e+00	0.0000e+00	0.0000e+00	0.0000e+00	
