k	ak	apk	bk	ck	dk	alphak	tauk	deltak	gammak	gammakp	
1.0000e+00	0.0000e+00	5.0000e-01	0.0000e+00	0.0000e+00	0.0000e+00	1.7185e-10	1.0000e+00	1.0000e+00	-4.4621e-11	2.0000e+00	
2.0000e+00	-3.4063e-11	5.0000e-01	-1.5000e+00	5.0000e-01	1.0000e+00	3.8197e-01	6.1803e-01	1.0000e+00	-6.2196e-10	3.2361e+00	
3.0000e+00	-3.4019e-11	5.0000e-01	-3.4271e+00	8.0903e-01	3.6180e+00	5.4411e-01	4.5589e-01	1.0000e+00	-1.0538e-09	4.3871e+00	
4.0000e+00	-3.3990e-11	5.0000e-01	-5.9083e+00	1.0968e+00	7.4296e+00	6.3634e-01	3.6366e-01	1.0000e+00	-1.4296e-09	5.4996e+00	
5.0000e+00	-3.3943e-11	5.0000e-01	-8.9363e+00	1.3749e+00	1.2373e+01	6.9650e-01	3.0350e-01	1.0000e+00	-1.7860e-09	6.5898e+00	
6.0000e+00	-3.3887e-11	5.0000e-01	-1.2504e+01	1.6475e+00	1.8418e+01	7.3908e-01	2.6092e-01	1.0000e+00	-2.1323e-09	7.6652e+00	
7.0000e+00	-3.3826e-11	5.0000e-01	-1.6605e+01	1.9163e+00	2.5545e+01	7.7091e-01	2.2909e-01	1.0000e+00	-2.4768e-09	8.7302e+00	
8.0000e+00	-3.3767e-11	5.0000e-01	-2.1237e+01	2.1829e+00	3.3742e+01	7.9565e-01	2.0435e-01	1.0000e+00	-2.8224e-09	9.7872e+00	
9.0000e+00	-3.3704e-11	5.0000e-01	-2.6395e+01	2.4471e+00	4.3001e+01	8.1547e-01	1.8453e-01	1.0000e+00	-3.1804e-09	1.0838e+01	
1.0000e+01	-3.3633e-11	5.0000e-01	-3.2076e+01	2.7095e+00	5.3314e+01	8.3171e-01	1.6829e-01	1.0000e+00	-3.5370e-09	1.1884e+01	
1.1000e+01	-3.3556e-11	5.0000e-01	-3.8280e+01	2.9714e+00	6.4675e+01	8.4528e-01	1.5472e-01	1.0000e+00	-3.8709e-09	1.2926e+01	
1.2000e+01	-3.3476e-11	5.0000e-01	-4.5004e+01	3.2321e+00	7.7080e+01	8.5678e-01	1.4322e-01	1.0000e+00	-4.1807e-09	1.3965e+01	
1.3000e+01	-3.3395e-11	5.0000e-01	-5.2246e+01	3.4922e+00	9.0524e+01	8.6667e-01	1.3333e-01	1.0000e+00	-4.4807e-09	1.5001e+01	
1.4000e+01	-3.3316e-11	5.0000e-01	-6.0006e+01	3.7515e+00	1.0501e+02	8.7526e-01	1.2474e-01	1.0000e+00	-4.7836e-09	1.6034e+01	
1.5000e+01	-3.3239e-11	5.0000e-01	-6.8281e+01	4.0092e+00	1.2052e+02	8.8280e-01	1.1720e-01	1.0000e+00	-5.0935e-09	1.7065e+01	
1.6000e+01	-3.3162e-11	5.0000e-01	-7.7071e+01	4.2671e+00	1.3707e+02	8.8947e-01	1.1053e-01	1.0000e+00	-5.4072e-09	1.8094e+01	
1.7000e+01	-3.3087e-11	5.0000e-01	-8.6376e+01	4.5247e+00	1.5465e+02	8.9541e-01	1.0459e-01	1.0000e+00	-5.7192e-09	1.9122e+01	
1.8000e+01	-3.3012e-11	5.0000e-01	-9.6197e+01	4.7843e+00	1.7326e+02	9.0073e-01	9.9265e-02	1.0000e+00	-6.0246e-09	2.0148e+01	
1.9000e+01	-3.2938e-11	5.0000e-01	-1.0653e+02	5.0396e+00	1.9289e+02	9.0554e-01	9.4460e-02	1.0000e+00	-6.3212e-09	2.1173e+01	
2.0000e+01	-3.2863e-11	5.0000e-01	-1.1737e+02	5.2959e+00	2.1355e+02	9.0990e-01	9.0104e-02	1.0000e+00	-6.6099e-09	2.2196e+01	
2.1000e+01	-3.2787e-11	5.0000e-01	-1.2873e+02	5.5544e+00	2.3523e+02	9.1386e-01	8.6136e-02	1.0000e+00	-6.8932e-09	2.3219e+01	
2.2000e+01	-3.2711e-11	5.0000e-01	-1.4059e+02	5.8053e+00	2.5795e+02	9.1749e-01	8.2506e-02	1.0000e+00	-7.1742e-09	2.4241e+01	
2.3000e+01	-3.2633e-11	5.0000e-01	-1.5296e+02	6.0629e+00	2.8168e+02	9.2083e-01	7.9173e-02	1.0000e+00	-7.4557e-09	2.5261e+01	
2.4000e+01	-3.2554e-11	5.0000e-01	-1.6585e+02	6.3179e+00	3.0643e+02	9.2390e-01	7.6101e-02	1.0000e+00	-7.7393e-09	2.6281e+01	
2.5000e+01	-3.2473e-11	5.0000e-01	-1.7925e+02	6.5747e+00	3.3219e+02	9.2674e-01	7.3260e-02	1.0000e+00	-8.0260e-09	2.7300e+01	
2.6000e+01	-3.2390e-11	5.0000e-01	-1.9314e+02	6.8225e+00	3.5900e+02	9.2937e-01	7.0626e-02	1.0000e+00	-8.3157e-09	2.8318e+01	
2.7000e+01	-3.2304e-11	5.0000e-01	-2.0756e+02	7.0838e+00	3.8679e+02	9.3182e-01	6.8176e-02	1.0000e+00	-8.6079e-09	2.9336e+01	
2.8000e+01	-3.2216e-11	5.0000e-01	-2.2248e+02	7.3327e+00	4.1563e+02	9.3411e-01	6.5891e-02	1.0000e+00	-8.9019e-09	3.0353e+01	
2.9000e+01	-3.2125e-11	5.0000e-01	-2.3792e+02	7.5898e+00	4.4547e+02	9.3624e-01	6.3756e-02	1.0000e+00	-9.1970e-09	3.1369e+01	
3.0000e+01	-3.2031e-11	5.0000e-01	-2.5385e+02	7.8450e+00	4.7633e+02	9.3824e-01	6.1756e-02	1.0000e+00	-9.4928e-09	3.2385e+01	
3.1000e+01	-3.1934e-11	5.0000e-01	-2.7030e+02	8.1016e+00	5.0820e+02	9.4012e-01	5.9879e-02	1.0000e+00	-9.7888e-09	3.3401e+01	
3.2000e+01	-3.1834e-11	5.0000e-01	-2.8726e+02	8.3527e+00	5.4110e+02	9.4189e-01	5.8113e-02	1.0000e+00	-1.0085e-08	3.4416e+01	
3.3000e+01	-3.1731e-11	5.0000e-01	-3.0472e+02	8.6136e+00	5.7499e+02	9.4355e-01	5.6449e-02	1.0000e+00	-1.0380e-08	3.5430e+01	
3.4000e+01	-3.1624e-11	5.0000e-01	-3.2269e+02	8.8618e+00	6.0993e+02	9.4512e-01	5.4878e-02	1.0000e+00	-1.0675e-08	3.6444e+01	
3.5000e+01	-3.1515e-11	5.0000e-01	-3.4116e+02	9.1124e+00	6.4587e+02	9.4661e-01	5.3393e-02	1.0000e+00	-1.0969e-08	3.7458e+01	
3.6000e+01	-3.1402e-11	5.0000e-01	-3.6015e+02	9.3716e+00	6.8281e+02	9.4801e-01	5.1987e-02	1.0000e+00	-1.1261e-08	3.8471e+01	
3.7000e+01	-3.1285e-11	5.0000e-01	-3.7963e+02	9.6163e+00	7.2079e+02	9.4935e-01	5.0653e-02	1.0000e+00	-1.1553e-08	3.9484e+01	
3.8000e+01	-3.1166e-11	5.0000e-01	-3.9963e+02	9.8736e+00	7.5976e+02	9.5061e-01	4.9386e-02	1.0000e+00	-1.1844e-08	4.0497e+01	
3.9000e+01	-3.1042e-11	5.0000e-01	-4.2013e+02	1.0127e+01	7.9975e+02	9.5182e-01	4.8182e-02	1.0000e+00	-1.2134e-08	4.1509e+01	
4.0000e+01	-3.0915e-11	5.0000e-01	-4.4114e+02	1.0378e+01	8.4076e+02	9.5296e-01	4.7035e-02	1.0000e+00	-1.2424e-08	4.2521e+01	
4.1000e+01	-3.0784e-11	5.0000e-01	-4.6266e+02	1.0636e+01	8.8277e+02	9.5406e-01	4.5942e-02	1.0000e+00	-1.2714e-08	4.3533e+01	
4.2000e+01	-3.0648e-11	5.0000e-01	-4.8468e+02	1.0890e+01	9.2579e+02	9.5510e-01	4.4899e-02	1.0000e+00	-1.3006e-08	4.4545e+01	
4.3000e+01	-3.0507e-11	5.0000e-01	-5.0719e+02	1.1135e+01	9.6985e+02	9.5610e-01	4.3902e-02	1.0000e+00	-1.3298e-08	4.5556e+01	
4.4000e+01	-3.0362e-11	5.0000e-01	-5.3024e+02	1.1399e+01	1.0149e+03	9.5705e-01	4.2949e-02	1.0000e+00	-1.3592e-08	4.6567e+01	
4.5000e+01	-3.0212e-11	5.0000e-01	-5.5377e+02	1.1646e+01	1.0609e+03	9.5796e-01	4.2037e-02	1.0000e+00	-1.3888e-08	4.7578e+01	
4.6000e+01	-3.0056e-11	5.0000e-01	-5.7780e+02	1.1895e+01	1.1080e+03	9.5884e-01	4.1162e-02	1.0000e+00	-1.4186e-08	4.8588e+01	
4.7000e+01	-2.9896e-11	5.0000e-01	-6.0236e+02	1.2157e+01	1.1561e+03	9.5968e-01	4.0324e-02	1.0000e+00	-1.4486e-08	4.9598e+01	
4.8000e+01	-2.9730e-11	5.0000e-01	-6.2741e+02	1.2407e+01	1.2052e+03	9.6048e-01	3.9519e-02	1.0000e+00	-1.4788e-08	5.0609e+01	
4.9000e+01	-2.9559e-11	5.0000e-01	-6.5296e+02	1.2652e+01	1.2553e+03	9.6125e-01	3.8746e-02	1.0000e+00	-1.5092e-08	5.1618e+01	
5.0000e+01	-2.9382e-11	5.0000e-01	-6.7903e+02	1.2911e+01	1.3064e+03	9.6200e-01	3.8003e-02	1.0000e+00	-1.5398e-08	5.2628e+01	
5.1000e+01	-2.9200e-11	5.0000e-01	-7.0558e+02	1.3153e+01	1.3586e+03	9.6271e-01	3.7287e-02	1.0000e+00	-1.5706e-08	5.3638e+01	
5.2000e+01	-2.9013e-11	5.0000e-01	-7.3266e+02	1.3407e+01	1.4117e+03	9.6340e-01	3.6599e-02	1.0000e+00	-1.6015e-08	5.4647e+01	
5.3000e+01	-2.8821e-11	5.0000e-01	-7.6024e+02	1.3667e+01	1.4658e+03	9.6407e-01	3.5935e-02	1.0000e+00	-1.6326e-08	5.5656e+01	
5.4000e+01	-2.8622e-11	5.0000e-01	-7.8831e+02	1.3909e+01	1.5210e+03	9.6470e-01	3.5295e-02	1.0000e+00	-1.6640e-08	5.6665e+01	
5.5000e+01	-2.8418e-11	5.0000e-01	-8.1690e+02	1.4164e+01	1.5771e+03	9.6532e-01	3.4678e-02	1.0000e+00	-1.6958e-08	5.7674e+01	
5.6000e+01	-2.8208e-11	5.0000e-01	-8.4599e+02	1.4421e+01	1.6343e+03	9.6592e-01	3.4082e-02	1.0000e+00	-1.7281e-08	5.8683e+01	
5.7000e+01	-2.7990e-11	5.0000e-01	-8.7558e+02	1.4666e+01	1.6925e+03	9.6649e-01	3.3506e-02	1.0000e+00	-1.7611e-08	5.9691e+01	
5.8000e+01	-2.7765e-11	5.0000e-01	-9.0566e+02	1.4901e+01	1.7517e+03	9.6705e-01	3.2949e-02	1.0000e+00	-1.7948e-08	6.0699e+01	
5.9000e+01	-2.7531e-11	5.0000e-01	-9.3627e+02	1.5164e+01	1.8119e+03	9.6759e-01	3.2411e-02	1.0000e+00	-1.8295e-08	6.1708e+01	
6.0000e+01	-2.7287e-11	5.0000e-01	-9.6738e+02	1.5424e+01	1.8731e+03	9.6811e-01	3.1890e-02	1.0000e+00	-1.8653e-08	6.2716e+01	
6.1000e+01	-2.7032e-11	5.0000e-01	-9.9900e+02	1.5680e+01	1.9353e+03	9.6861e-01	3.1385e-02	1.0000e+00	-1.9022e-08	6.3724e+01	
6.2000e+01	-2.6765e-11	5.0000e-01	-1.0311e+03	1.5933e+01	1.9985e+03	9.6910e-01	3.0897e-02	1.0000e+00	-1.9401e-08	6.4732e+01	
6.3000e+01	-2.6485e-11	5.0000e-01	-1.0637e+03	1.6181e+01	2.0627e+03	9.6958e-01	3.0423e-02	1.0000e+00	-1.9789e-08	6.5739e+01	
6.4000e+01	-2.6190e-11	5.0000e-01	-1.0969e+03	1.6438e+01	2.1280e+03	9.7004e-01	2.9964e-02	1.0000e+00	-2.0179e-08	6.6747e+01	
6.5000e+01	-2.5881e-11	5.0000e-01	-1.1305e+03	1.6697e+01	2.1942e+03	9.7048e-01	2.9518e-02	1.0000e+00	-2.0562e-08	6.7754e+01	
6.6000e+01	-2.5558e-11	5.0000e-01	-1.1646e+03	1.6940e+01	2.2615e+03	9.7091e-01	2.9086e-02	1.0000e+00	-2.0919e-08	6.8762e+01	
6.7000e+01	-2.5222e-11	5.0000e-01	-1.1993e+03	1.7206e+01	2.3297e+03	9.7133e-01	2.8666e-02	1.0000e+00	-2.1238e-08	6.9769e+01	
6.8000e+01	-2.4876e-11	5.0000e-01	-1.2344e+03	1.7440e+01	2.3990e+03	9.7174e-01	2.8258e-02	1.0000e+00	-2.1520e-08	7.0776e+01	
6.9000e+01	-2.4517e-11	5.0000e-01	-1.2700e+03	1.7692e+01	2.4693e+03	9.7214e-01	2.7862e-02	1.0000e+00	-2.1784e-08	7.1783e+01	
7.0000e+01	-2.4144e-11	5.0000e-01	-1.3062e+03	1.7954e+01	2.5405e+03	9.7252e-01	2.7476e-02	1.0000e+00	-2.2049e-08	7.2790e+01	
7.1000e+01	-2.3751e-11	5.0000e-01	-1.3428e+03	1.8208e+01	2.6128e+03	9.7290e-01	2.7101e-02	1.0000e+00	-2.2324e-08	7.3797e+01	
7.2000e+01	-2.3338e-11	5.0000e-01	-1.3799e+03	1.8431e+01	2.6861e+03	9.7326e-01	2.6737e-02	1.0000e+00	-2.2613e-08	7.4804e+01	
7.3000e+01	-2.2900e-11	5.0000e-01	-1.4176e+03	1.8705e+01	2.7604e+03	9.7362e-01	2.6382e-02	1.0000e+00	-2.2914e-08	7.5811e+01	
7.4000e+01	-2.2438e-11	5.0000e-01	-1.4558e+03	1.8950e+01	2.8357e+03	9.7396e-01	2.6036e-02	1.0000e+00	-2.3223e-08	7.6817e+01	
7.5000e+01	-2.1948e-11	5.0000e-01	-1.4944e+03	1.9197e+01	2.9120e+03	9.7430e-01	2.5699e-02	1.0000e+00	-2.3537e-08	7.7824e+01	
7.6000e+01	-2.1430e-11	5.0000e-01	-1.5336e+03	1.9452e+01	2.9894e+03	9.7463e-01	2.5371e-02	1.0000e+00	-2.3851e-08	7.8830e+01	
7.7000e+01	-2.0882e-11	5.0000e-01	-1.5733e+03	1.9704e+01	3.0677e+03	9.7495e-01	2.5051e-02	1.0000e+00	-2.4162e-08	7.9836e+01	
7.8000e+01	-2.0301e-11	5.0000e-01	-1.6134e+03	1.9961e+01	3.1470e+03	9.7526e-01	2.4739e-02	1.0000e+00	-2.4465e-08	8.0843e+01	
7.9000e+01	-1.9686e-11	5.0000e-01	-1.6541e+03	2.0204e+01	3.2274e+03	9.7556e-01	2.4435e-02	1.0000e+00	-2.4758e-08	8.1849e+01	
8.0000e+01	-1.9034e-11	5.0000e-01	-1.6953e+03	2.0458e+01	3.3087e+03	9.7586e-01	2.4139e-02	1.0000e+00	-2.5039e-08	8.2855e+01	
8.1000e+01	-1.8343e-11	5.0000e-01	-1.7369e+03	2.0703e+01	3.3911e+03	9.7615e-01	2.3849e-02	1.0000e+00	-2.5306e-08	8.3861e+01	
8.2000e+01	-1.7609e-11	5.0000e-01	-1.7791e+03	2.0951e+01	3.4744e+03	9.7643e-01	2.3566e-02	1.0000e+00	-2.5559e-08	8.4867e+01	
8.3000e+01	-1.6829e-11	5.0000e-01	-1.8218e+03	2.1213e+01	3.5588e+03	9.7671e-01	2.3290e-02	1.0000e+00	-2.5794e-08	8.5873e+01	
8.4000e+01	-1.5999e-11	5.0000e-01	-1.8650e+03	2.1474e+01	3.6441e+03	9.7698e-01	2.3021e-02	1.0000e+00	-2.6014e-08	8.6879e+01	
8.5000e+01	-1.5115e-11	5.0000e-01	-1.9087e+03	2.1736e+01	3.7305e+03	9.7724e-01	2.2757e-02	1.0000e+00	-2.6217e-08	8.7884e+01	
8.6000e+01	-1.4171e-11	5.0000e-01	-1.9529e+03	2.1965e+01	3.8179e+03	9.7750e-01	2.2500e-02	1.0000e+00	-2.6406e-08	8.8890e+01	
8.7000e+01	-1.3162e-11	5.0000e-01	-1.9976e+03	2.2220e+01	3.9063e+03	9.7775e-01	2.2248e-02	1.0000e+00	-2.6582e-08	8.9896e+01	
8.8000e+01	-1.2080e-11	5.0000e-01	-2.0428e+03	2.2475e+01	3.9957e+03	9.7800e-01	2.2002e-02	1.0000e+00	-2.6745e-08	9.0901e+01	
8.9000e+01	-1.0920e-11	5.0000e-01	-2.0885e+03	2.2759e+01	4.0860e+03	9.7824e-01	2.1761e-02	1.0000e+00	-2.6893e-08	9.1907e+01	
9.0000e+01	-9.6754e-12	5.0000e-01	-2.1347e+03	2.2946e+01	4.1775e+03	9.7847e-01	2.1526e-02	1.0000e+00	-2.7025e-08	9.2912e+01	
9.1000e+01	-8.3419e-12	5.0000e-01	-2.1814e+03	2.3226e+01	4.2699e+03	9.7870e-01	2.1295e-02	1.0000e+00	-2.7135e-08	9.3918e+01	
9.2000e+01	-6.9183e-12	5.0000e-01	-2.2286e+03	2.3491e+01	4.3633e+03	9.7893e-01	2.1070e-02	1.0000e+00	-2.7217e-08	9.4923e+01	
9.3000e+01	-5.4052e-12	5.0000e-01	-2.2763e+03	2.3735e+01	4.4577e+03	9.7915e-01	2.0849e-02	1.0000e+00	-2.7267e-08	9.5928e+01	
9.4000e+01	-3.7934e-12	5.0000e-01	-2.3245e+03	2.3987e+01	4.5531e+03	9.7937e-01	2.0633e-02	1.0000e+00	-2.7256e-08	9.6933e+01	
9.5000e+01	-1.9593e-12	5.0000e-01	-2.3732e+03	2.4174e+01	4.6497e+03	9.7958e-01	2.0421e-02	1.0000e+00	-2.7146e-08	9.7939e+01	
9.6000e+01	1.7360e-13	5.0000e-01	-2.4224e+03	2.4438e+01	4.7471e+03	9.7979e-01	2.0214e-02	1.0000e+00	-2.7178e-08	9.8944e+01	
9.7000e+01	2.2659e-12	5.0000e-01	-2.4721e+03	2.4676e+01	4.8456e+03	9.7999e-01	2.0010e-02	1.0000e+00	-2.7359e-08	9.9949e+01	
9.8000e+01	4.1976e-12	5.0000e-01	-2.5225e+03	2.5032e+01	4.9448e+03	9.8019e-01	1.9811e-02	1.0000e+00	-2.7111e-08	1.0095e+02	
9.9000e+01	6.6089e-12	5.0000e-01	-2.5730e+03	2.5087e+01	5.0457e+03	9.8038e-01	1.9616e-02	1.0000e+00	-2.5709e-08	1.0196e+02	
1.0000e+02	8.8232e-12	5.0000e-01	-2.6243e+03	2.5437e+01	5.1469e+03	9.8623e-01	1.3775e-02	1.8930e+01	2.4136e+01	1.3769e+03	
1.0100e+02	0.0000e+00	0.0000e+00	0.0000e+00	0.0000e+00	5.2704e+03	0.0000e+00	0.0000e+00	0.0000e+00	0.0000e+00	0.0000e+00	
