k	ak	bk	ck	dk	
1.0000e+00	1.0000e+00	0.0000e+00	0.0000e+00	0.0000e+00	
2.0000e+00	9.9993e-01	1.8158e+00	-4.9175e-01	2.9971e+00	
3.0000e+00	9.9982e-01	4.7778e+00	-4.8644e-01	5.0077e+00	
4.0000e+00	9.9967e-01	9.3506e+00	-4.8046e-01	7.0254e+00	
5.0000e+00	9.9947e-01	1.5501e+01	-4.7383e-01	9.0513e+00	
6.0000e+00	9.9920e-01	2.3195e+01	-4.6646e-01	1.1086e+01	
7.0000e+00	9.9887e-01	3.2398e+01	-4.5841e-01	1.3131e+01	
8.0000e+00	9.9847e-01	4.3078e+01	-4.4966e-01	1.5187e+01	
9.0000e+00	9.9798e-01	5.5202e+01	-4.4010e-01	1.7255e+01	
1.0000e+01	9.9741e-01	6.8735e+01	-4.2965e-01	1.9336e+01	
1.1000e+01	9.9673e-01	8.3641e+01	-4.1829e-01	2.1432e+01	
1.2000e+01	9.9594e-01	9.9881e+01	-4.0605e-01	2.3543e+01	
1.3000e+01	9.9502e-01	1.1741e+02	-3.9292e-01	2.5672e+01	
1.4000e+01	9.9396e-01	1.3619e+02	-3.7887e-01	2.7820e+01	
1.5000e+01	9.9275e-01	1.5618e+02	-3.6390e-01	2.9989e+01	
1.6000e+01	9.9137e-01	1.7732e+02	-3.4799e-01	3.2180e+01	
1.7000e+01	9.8980e-01	1.9957e+02	-3.3111e-01	3.4396e+01	
1.8000e+01	9.8801e-01	2.2286e+02	-3.1328e-01	3.6639e+01	
1.9000e+01	9.8600e-01	2.4713e+02	-2.9457e-01	3.8912e+01	
2.0000e+01	9.8372e-01	2.7232e+02	-2.7511e-01	4.1218e+01	
2.1000e+01	9.8116e-01	2.9836e+02	-2.5510e-01	4.3560e+01	
2.2000e+01	9.7828e-01	3.2520e+02	-2.3475e-01	4.5941e+01	
2.3000e+01	9.7506e-01	3.5278e+02	-2.1433e-01	4.8366e+01	
2.4000e+01	9.7145e-01	3.8104e+02	-1.9414e-01	5.0838e+01	
2.5000e+01	9.6744e-01	4.0996e+02	-1.7449e-01	5.3359e+01	
2.6000e+01	9.6298e-01	4.3952e+02	-1.5570e-01	5.5934e+01	
2.7000e+01	9.5804e-01	4.6972e+02	-1.3805e-01	5.8564e+01	
2.8000e+01	9.5260e-01	5.0060e+02	-1.2189e-01	6.1252e+01	
2.9000e+01	9.4664e-01	5.3221e+02	-1.0748e-01	6.3998e+01	
3.0000e+01	9.4012e-01	5.6466e+02	-9.5021e-02	6.6803e+01	
3.1000e+01	9.3306e-01	5.9809e+02	-8.4676e-02	6.9665e+01	
3.2000e+01	9.2543e-01	6.3268e+02	-7.6682e-02	7.2582e+01	
3.3000e+01	9.1725e-01	6.6868e+02	-7.1310e-02	7.5549e+01	
3.4000e+01	9.0855e-01	7.0637e+02	-6.8934e-02	7.8561e+01	
3.5000e+01	8.9937e-01	7.4611e+02	-7.0458e-02	8.1610e+01	
3.6000e+01	8.8978e-01	7.8835e+02	-7.7493e-02	8.4687e+01	
3.7000e+01	8.7989e-01	8.3361e+02	-9.3112e-02	8.7782e+01	
3.8000e+01	8.6985e-01	8.8263e+02	-1.2255e-01	9.0884e+01	
3.9000e+01	8.5988e-01	9.3624e+02	-1.7324e-01	9.3980e+01	
4.0000e+01	8.5020e-01	9.9520e+02	-2.5144e-01	9.7054e+01	
4.1000e+01	8.4090e-01	1.0597e+03	-3.5441e-01	1.0009e+02	
4.2000e+01	8.3181e-01	1.1288e+03	-4.6547e-01	1.0308e+02	
4.3000e+01	8.2260e-01	1.2014e+03	-5.6123e-01	1.0602e+02	
4.4000e+01	8.1297e-01	1.2762e+03	-6.2670e-01	1.0892e+02	
4.5000e+01	8.0280e-01	1.3532e+03	-6.6336e-01	1.1177e+02	
4.6000e+01	7.9216e-01	1.4325e+03	-6.8446e-01	1.1461e+02	
4.7000e+01	7.8116e-01	1.5148e+03	-7.0523e-01	1.1745e+02	
4.8000e+01	7.6990e-01	1.6002e+03	-7.3468e-01	1.2028e+02	
4.9000e+01	7.5843e-01	1.6890e+03	-7.7224e-01	1.2311e+02	
5.0000e+01	7.4679e-01	1.7812e+03	-8.0858e-01	1.2591e+02	
5.1000e+01	7.3507e-01	1.8772e+03	-8.3066e-01	1.2865e+02	
5.2000e+01	7.2346e-01	1.9772e+03	-8.2741e-01	1.3127e+02	
5.3000e+01	7.1230e-01	2.0820e+03	-7.9668e-01	1.3375e+02	
5.4000e+01	7.0167e-01	2.1915e+03	-7.4194e-01	1.3608e+02	
5.5000e+01	6.9128e-01	2.3050e+03	-6.7744e-01	1.3834e+02	
5.6000e+01	6.8098e-01	2.4221e+03	-6.3751e-01	1.4059e+02	
5.7000e+01	6.7062e-01	2.5422e+03	-6.3782e-01	1.4288e+02	
5.8000e+01	6.6005e-01	2.6652e+03	-6.5492e-01	1.4519e+02	
5.9000e+01	6.4922e-01	2.7908e+03	-6.4036e-01	1.4741e+02	
6.0000e+01	6.3832e-01	2.9194e+03	-5.5765e-01	1.4946e+02	
6.1000e+01	6.2765e-01	3.0514e+03	-4.1079e-01	1.5131e+02	
6.2000e+01	6.1732e-01	3.1868e+03	-2.4029e-01	1.5306e+02	
6.3000e+01	6.0706e-01	3.3253e+03	-9.9097e-02	1.5481e+02	
6.4000e+01	5.9666e-01	3.4664e+03	-1.5643e-02	1.5664e+02	
6.5000e+01	5.8592e-01	3.6099e+03	4.8103e-02	1.5851e+02	
6.6000e+01	5.7489e-01	3.7556e+03	1.6680e-01	1.6023e+02	
6.7000e+01	5.6388e-01	3.9040e+03	3.6019e-01	1.6177e+02	
6.8000e+01	5.5290e-01	4.0551e+03	5.7665e-01	1.6321e+02	
6.9000e+01	5.4175e-01	4.2087e+03	7.4951e-01	1.6470e+02	
7.0000e+01	5.3022e-01	4.3644e+03	8.7178e-01	1.6628e+02	
7.1000e+01	5.1831e-01	4.5223e+03	1.0152e+00	1.6779e+02	
7.2000e+01	5.0630e-01	4.6825e+03	1.2129e+00	1.6915e+02	
7.3000e+01	4.9405e-01	4.8450e+03	1.4128e+00	1.7048e+02	
7.4000e+01	4.8138e-01	5.0095e+03	1.5622e+00	1.7187e+02	
7.5000e+01	4.6834e-01	5.1762e+03	1.7005e+00	1.7326e+02	
7.6000e+01	4.5512e-01	5.3451e+03	1.8718e+00	1.7455e+02	
7.7000e+01	4.4148e-01	5.5159e+03	2.0331e+00	1.7581e+02	
7.8000e+01	4.2737e-01	5.6888e+03	2.1471e+00	1.7715e+02	
7.9000e+01	4.1319e-01	5.8638e+03	2.2590e+00	1.7843e+02	
8.0000e+01	3.9855e-01	6.0407e+03	2.3947e+00	1.7963e+02	
8.1000e+01	3.8343e-01	6.2195e+03	2.4987e+00	1.8085e+02	
8.2000e+01	3.6824e-01	6.4003e+03	2.5788e+00	1.8206e+02	
8.3000e+01	3.5233e-01	6.5827e+03	2.6519e+00	1.8326e+02	
8.4000e+01	3.3642e-01	6.7671e+03	2.6813e+00	1.8447e+02	
8.5000e+01	3.2024e-01	6.9532e+03	2.7222e+00	1.8562e+02	
8.6000e+01	3.0348e-01	7.1409e+03	2.7416e+00	1.8675e+02	
8.7000e+01	2.8665e-01	7.3302e+03	2.7260e+00	1.8789e+02	
8.8000e+01	2.6929e-01	7.5210e+03	2.6926e+00	1.8902e+02	
8.9000e+01	2.5173e-01	7.7133e+03	2.6468e+00	1.9010e+02	
9.0000e+01	2.3381e-01	7.9070e+03	2.5331e+00	1.9126e+02	
9.1000e+01	2.1616e-01	8.1019e+03	2.4157e+00	1.9235e+02	
9.2000e+01	1.9800e-01	8.2980e+03	2.3281e+00	1.9332e+02	
9.3000e+01	1.8019e-01	8.4953e+03	2.1430e+00	1.9441e+02	
9.4000e+01	1.6267e-01	8.6936e+03	1.9062e+00	1.9552e+02	
9.5000e+01	1.4487e-01	8.8928e+03	1.6779e+00	1.9655e+02	
9.6000e+01	1.2638e-01	9.0926e+03	1.4600e+00	1.9750e+02	
9.7000e+01	1.0966e-01	9.2933e+03	1.1740e+00	1.9849e+02	
9.8000e+01	9.0890e-02	9.4944e+03	8.7157e-01	1.9947e+02	
9.9000e+01	6.8999e-02	9.6959e+03	5.7105e-01	2.0038e+02	
1.0000e+02	3.3031e-02	9.8978e+03	3.0071e-01	2.0121e+02	
1.0100e+02	0.0000e+00	1.0201e+04	0.0000e+00	0.0000e+00	
