k	ak	bk	ck	dk	
1.0000e+00	1.0000e+00	0.0000e+00	0.0000e+00	0.0000e+00	
2.0000e+00	9.9996e-01	5.7777e-01	7.6218e-05	2.0084e+00	
3.0000e+00	9.9989e-01	2.9045e+00	4.5653e-03	4.0132e+00	
4.0000e+00	9.9978e-01	6.9016e+00	8.5006e-03	6.0262e+00	
5.0000e+00	9.9962e-01	1.2514e+01	1.2850e-02	8.0469e+00	
6.0000e+00	9.9941e-01	1.9718e+01	1.7667e-02	1.0076e+01	
7.0000e+00	9.9915e-01	2.8490e+01	2.2946e-02	1.2114e+01	
8.0000e+00	9.9882e-01	3.8803e+01	2.8719e-02	1.4162e+01	
9.0000e+00	9.9842e-01	5.0626e+01	3.5062e-02	1.6221e+01	
1.0000e+01	9.9794e-01	6.3928e+01	4.2030e-02	1.8291e+01	
1.1000e+01	9.9737e-01	7.8676e+01	4.9608e-02	2.0375e+01	
1.2000e+01	9.9670e-01	9.4832e+01	5.7891e-02	2.2472e+01	
1.3000e+01	9.9591e-01	1.1236e+02	6.7026e-02	2.4585e+01	
1.4000e+01	9.9501e-01	1.3121e+02	7.6946e-02	2.6715e+01	
1.5000e+01	9.9396e-01	1.5135e+02	8.7392e-02	2.8863e+01	
1.6000e+01	9.9277e-01	1.7275e+02	9.8657e-02	3.1032e+01	
1.7000e+01	9.9141e-01	1.9536e+02	1.1059e-01	3.3223e+01	
1.8000e+01	9.8986e-01	2.1917e+02	1.2275e-01	3.5437e+01	
1.9000e+01	9.8812e-01	2.4414e+02	1.3579e-01	3.7676e+01	
2.0000e+01	9.8617e-01	2.7026e+02	1.4913e-01	3.9942e+01	
2.1000e+01	9.8399e-01	2.9753e+02	1.6275e-01	4.2236e+01	
2.2000e+01	9.8156e-01	3.2590e+02	1.7752e-01	4.4559e+01	
2.3000e+01	9.7886e-01	3.5537e+02	1.9251e-01	4.6913e+01	
2.4000e+01	9.7587e-01	3.8592e+02	2.0709e-01	4.9302e+01	
2.5000e+01	9.7257e-01	4.1755e+02	2.2057e-01	5.1728e+01	
2.6000e+01	9.6894e-01	4.5026e+02	2.3251e-01	5.4194e+01	
2.7000e+01	9.6496e-01	4.8407e+02	2.4251e-01	5.6702e+01	
2.8000e+01	9.6060e-01	5.1898e+02	2.5045e-01	5.9252e+01	
2.9000e+01	9.5584e-01	5.5502e+02	2.5592e-01	6.1848e+01	
3.0000e+01	9.5067e-01	5.9225e+02	2.5879e-01	6.4488e+01	
3.1000e+01	9.4506e-01	6.3073e+02	2.5889e-01	6.7175e+01	
3.2000e+01	9.3901e-01	6.7054e+02	2.5625e-01	6.9905e+01	
3.3000e+01	9.3250e-01	7.1180e+02	2.5119e-01	7.2679e+01	
3.4000e+01	9.2553e-01	7.5461e+02	2.4426e-01	7.5492e+01	
3.5000e+01	9.1810e-01	7.9914e+02	2.3601e-01	7.8340e+01	
3.6000e+01	9.1022e-01	8.4556e+02	2.2745e-01	8.1218e+01	
3.7000e+01	9.0189e-01	8.9402e+02	2.1968e-01	8.4120e+01	
3.8000e+01	8.9317e-01	9.4485e+02	2.1059e-01	8.7041e+01	
3.9000e+01	8.8409e-01	9.9829e+02	2.0043e-01	8.9974e+01	
4.0000e+01	8.7469e-01	1.0545e+03	1.8944e-01	9.2912e+01	
4.1000e+01	8.6501e-01	1.1138e+03	1.7630e-01	9.5850e+01	
4.2000e+01	8.5511e-01	1.1764e+03	1.5831e-01	9.8784e+01	
4.3000e+01	8.4504e-01	1.2425e+03	1.3361e-01	1.0171e+02	
4.4000e+01	8.3489e-01	1.3123e+03	9.6976e-02	1.0463e+02	
4.5000e+01	8.2469e-01	1.3860e+03	4.7220e-02	1.0754e+02	
4.6000e+01	8.1446e-01	1.4635e+03	-1.0749e-02	1.1044e+02	
4.7000e+01	8.0421e-01	1.5448e+03	-6.6339e-02	1.1328e+02	
4.8000e+01	7.9392e-01	1.6299e+03	-1.0004e-01	1.1605e+02	
4.9000e+01	7.8355e-01	1.7185e+03	-9.4733e-02	1.1870e+02	
5.0000e+01	7.7306e-01	1.8105e+03	-5.0300e-02	1.2125e+02	
5.1000e+01	7.6252e-01	1.9061e+03	1.1833e-02	1.2373e+02	
5.2000e+01	7.5206e-01	2.0054e+03	5.3447e-02	1.2620e+02	
5.3000e+01	7.4178e-01	2.1088e+03	4.9232e-02	1.2869e+02	
5.4000e+01	7.3183e-01	2.2164e+03	-1.2915e-04	1.3121e+02	
5.5000e+01	7.2216e-01	2.3278e+03	-7.2877e-02	1.3371e+02	
5.6000e+01	7.1258e-01	2.4427e+03	-1.3056e-01	1.3613e+02	
5.7000e+01	7.0292e-01	2.5606e+03	-1.2953e-01	1.3841e+02	
5.8000e+01	6.9311e-01	2.6813e+03	-5.3225e-02	1.4050e+02	
5.9000e+01	6.8314e-01	2.8048e+03	5.9075e-02	1.4250e+02	
6.0000e+01	6.7320e-01	2.9314e+03	1.4066e-01	1.4452e+02	
6.1000e+01	6.6341e-01	3.0612e+03	1.5729e-01	1.4662e+02	
6.2000e+01	6.5369e-01	3.1940e+03	1.2460e-01	1.4877e+02	
6.3000e+01	6.4387e-01	3.3295e+03	1.1606e-01	1.5084e+02	
6.4000e+01	6.3391e-01	3.4676e+03	1.9850e-01	1.5270e+02	
6.5000e+01	6.2371e-01	3.6081e+03	3.2667e-01	1.5445e+02	
6.6000e+01	6.1333e-01	3.7511e+03	4.1155e-01	1.5625e+02	
6.7000e+01	6.0283e-01	3.8966e+03	4.2488e-01	1.5816e+02	
6.8000e+01	5.9217e-01	4.0446e+03	4.4231e-01	1.6004e+02	
6.9000e+01	5.8147e-01	4.1951e+03	5.5501e-01	1.6168e+02	
7.0000e+01	5.7034e-01	4.3478e+03	6.9800e-01	1.6325e+02	
7.1000e+01	5.5867e-01	4.5025e+03	7.8167e-01	1.6492e+02	
7.2000e+01	5.4673e-01	4.6595e+03	8.3282e-01	1.6663e+02	
7.3000e+01	5.3485e-01	4.8191e+03	9.5006e-01	1.6816e+02	
7.4000e+01	5.2228e-01	4.9805e+03	1.0803e+00	1.6964e+02	
7.5000e+01	5.0883e-01	5.1437e+03	1.1624e+00	1.7122e+02	
7.6000e+01	4.9552e-01	5.3094e+03	1.2784e+00	1.7268e+02	
7.7000e+01	4.8176e-01	5.4772e+03	1.4206e+00	1.7404e+02	
7.8000e+01	4.6639e-01	5.6465e+03	1.5113e+00	1.7553e+02	
7.9000e+01	4.5177e-01	5.8184e+03	1.6235e+00	1.7688e+02	
8.0000e+01	4.3644e-01	5.9922e+03	1.7578e+00	1.7816e+02	
8.1000e+01	4.1949e-01	6.1675e+03	1.8684e+00	1.7949e+02	
8.2000e+01	4.0318e-01	6.3453e+03	1.9797e+00	1.8073e+02	
8.3000e+01	3.8478e-01	6.5244e+03	2.0753e+00	1.8201e+02	
8.4000e+01	3.6740e-01	6.7059e+03	2.1622e+00	1.8319e+02	
8.5000e+01	3.4764e-01	6.8888e+03	2.2285e+00	1.8443e+02	
8.6000e+01	3.2920e-01	7.0738e+03	2.2864e+00	1.8556e+02	
8.7000e+01	3.0891e-01	7.2603e+03	2.3062e+00	1.8675e+02	
8.8000e+01	2.8823e-01	7.4485e+03	2.3359e+00	1.8784e+02	
8.9000e+01	2.6842e-01	7.6384e+03	2.3252e+00	1.8892e+02	
9.0000e+01	2.4727e-01	7.8297e+03	2.2774e+00	1.9002e+02	
9.1000e+01	2.2466e-01	8.0223e+03	2.2273e+00	1.9106e+02	
9.2000e+01	2.0346e-01	8.2163e+03	2.1430e+00	1.9206e+02	
9.3000e+01	1.8236e-01	8.4115e+03	2.0152e+00	1.9306e+02	
9.4000e+01	1.6086e-01	8.6077e+03	1.8540e+00	1.9405e+02	
9.5000e+01	1.4052e-01	8.8049e+03	1.6453e+00	1.9503e+02	
9.6000e+01	1.2178e-01	9.0029e+03	1.3911e+00	1.9601e+02	
9.7000e+01	1.0163e-01	9.2015e+03	1.1134e+00	1.9697e+02	
9.8000e+01	8.3434e-02	9.4006e+03	8.0029e-01	1.9791e+02	
9.9000e+01	6.1617e-02	9.6001e+03	4.7502e-01	1.9881e+02	
1.0000e+02	3.9322e-02	9.7999e+03	1.2367e-01	1.9968e+02	
1.0100e+02	0.0000e+00	9.9999e+03	0.0000e+00	0.0000e+00	
