k	Q1	Q2	Q3	Q4	apk	dk	alphak	tauk	deltak	gammak	
1.0000e+00	0.0000e+00	0.0000e+00	0.0000e+00	0.0000e+00	5.0000e-01	0.0000e+00	2.5107e-11	1.0000e+00	1.0000e+00	1.0002e+00	
2.0000e+00	-5.4782e-10	5.2694e-09	-1.8153e-05	4.1666e-05	5.0000e-01	9.9995e-01	1.2583e-11	5.0007e-01	1.0000e+00	1.0002e+00	
3.0000e+00	-6.6866e-11	6.2241e-09	-7.3301e-06	2.8535e-05	5.0000e-01	2.0000e+00	8.4101e-12	3.3339e-01	1.0000e+00	1.0002e+00	
4.0000e+00	-3.7166e-10	6.0095e-09	-1.1942e-05	4.1082e-05	5.0000e-01	2.9999e+00	6.3207e-12	2.5005e-01	1.0000e+00	1.0002e+00	
5.0000e+00	-2.3810e-10	6.5639e-09	-1.1210e-05	4.4727e-05	5.0000e-01	3.9999e+00	5.0652e-12	2.0004e-01	1.0000e+00	1.0002e+00	
6.0000e+00	-2.4330e-10	6.5639e-09	-1.1935e-05	4.8837e-05	5.0000e-01	4.9999e+00	4.2270e-12	1.6670e-01	1.0000e+00	1.0002e+00	
7.0000e+00	-2.1160e-10	6.5477e-09	-1.2936e-05	5.2638e-05	5.0000e-01	5.9999e+00	3.6277e-12	1.4289e-01	1.0000e+00	1.0002e+00	
8.0000e+00	-1.9781e-10	6.4317e-09	-1.4106e-05	5.6429e-05	5.0000e-01	6.9999e+00	3.1777e-12	1.2503e-01	1.0000e+00	1.0002e+00	
9.0000e+00	-1.8811e-10	6.2992e-09	-1.5490e-05	6.0387e-05	5.0000e-01	7.9999e+00	2.8274e-12	1.1114e-01	1.0000e+00	1.0002e+00	
1.0000e+01	-1.8502e-10	6.1831e-09	-1.7068e-05	6.4497e-05	5.0000e-01	8.9999e+00	2.5470e-12	1.0002e-01	1.0000e+00	1.0002e+00	
1.1000e+01	-1.8937e-10	6.0938e-09	-1.8763e-05	6.8623e-05	5.0000e-01	9.9999e+00	2.3173e-12	9.0929e-02	1.0000e+00	1.0002e+00	
1.2000e+01	-2.0015e-10	6.0089e-09	-2.0437e-05	7.2532e-05	5.0000e-01	1.1000e+01	2.1258e-12	8.3352e-02	1.0000e+00	1.0002e+00	
1.3000e+01	-2.1401e-10	5.8894e-09	-2.1986e-05	7.6061e-05	5.0000e-01	1.2000e+01	1.9637e-12	7.6941e-02	1.0000e+00	1.0002e+00	
1.4000e+01	-2.2808e-10	5.7096e-09	-2.3417e-05	7.9253e-05	5.0000e-01	1.3000e+01	1.8246e-12	7.1445e-02	1.0000e+00	1.0002e+00	
1.5000e+01	-2.4098e-10	5.4669e-09	-2.4798e-05	8.2250e-05	5.0000e-01	1.4000e+01	1.7040e-12	6.6682e-02	1.0000e+00	1.0002e+00	
1.6000e+01	-2.5233e-10	5.1719e-09	-2.6188e-05	8.5165e-05	5.0000e-01	1.5000e+01	1.5985e-12	6.2514e-02	1.0000e+00	1.0002e+00	
1.7000e+01	-2.6216e-10	4.8379e-09	-2.7621e-05	8.8057e-05	5.0000e-01	1.6000e+01	1.5053e-12	5.8837e-02	1.0000e+00	1.0002e+00	
1.8000e+01	-2.7074e-10	4.4763e-09	-2.9111e-05	9.0946e-05	5.0000e-01	1.7000e+01	1.4225e-12	5.5568e-02	1.0000e+00	1.0002e+00	
1.9000e+01	-2.7841e-10	4.0955e-09	-3.0661e-05	9.3841e-05	5.0000e-01	1.8000e+01	1.3483e-12	5.2644e-02	1.0000e+00	1.0002e+00	
2.0000e+01	-2.8544e-10	3.7012e-09	-3.2265e-05	9.6739e-05	5.0000e-01	1.9000e+01	1.2815e-12	5.0012e-02	1.0000e+00	1.0002e+00	
2.1000e+01	-2.9209e-10	3.2972e-09	-3.3913e-05	9.9637e-05	5.0000e-01	2.0000e+01	1.2211e-12	4.7630e-02	1.0000e+00	1.0002e+00	
2.2000e+01	-2.9846e-10	2.8861e-09	-3.5590e-05	1.0253e-04	5.0000e-01	2.1000e+01	1.1661e-12	4.5465e-02	1.0000e+00	1.0002e+00	
2.3000e+01	-3.0457e-10	2.4695e-09	-3.7277e-05	1.0539e-04	5.0000e-01	2.2000e+01	1.1158e-12	4.3488e-02	1.0000e+00	1.0002e+00	
2.4000e+01	-3.1038e-10	2.0484e-09	-3.8953e-05	1.0822e-04	5.0000e-01	2.3000e+01	1.0697e-12	4.1676e-02	1.0000e+00	1.0002e+00	
2.5000e+01	-3.1578e-10	1.6237e-09	-4.0590e-05	1.1100e-04	5.0000e-01	2.4000e+01	1.0273e-12	4.0009e-02	1.0000e+00	1.0002e+00	
2.6000e+01	-3.2066e-10	1.1960e-09	-4.2166e-05	1.1372e-04	5.0000e-01	2.5000e+01	9.8810e-13	3.8471e-02	1.0000e+00	1.0002e+00	
2.7000e+01	-3.2496e-10	7.6598e-10	-4.3653e-05	1.1635e-04	5.0000e-01	2.6000e+01	9.5176e-13	3.7046e-02	1.0000e+00	1.0002e+00	
2.8000e+01	-3.2869e-10	3.3481e-10	-4.5031e-05	1.1890e-04	5.0000e-01	2.7000e+01	9.1798e-13	3.5723e-02	1.0000e+00	1.0002e+00	
2.9000e+01	-3.3186e-10	-9.5481e-11	-4.6285e-05	1.2136e-04	5.0000e-01	2.8000e+01	8.8649e-13	3.4491e-02	1.0000e+00	1.0002e+00	
3.0000e+01	-3.3457e-10	-5.2197e-10	-4.7406e-05	1.2374e-04	5.0000e-01	2.9000e+01	8.5707e-13	3.3341e-02	1.0000e+00	1.0002e+00	
3.1000e+01	-3.3689e-10	-9.4049e-10	-4.8397e-05	1.2605e-04	5.0000e-01	3.0000e+01	8.2950e-13	3.2266e-02	1.0000e+00	1.0002e+00	
3.2000e+01	-3.3882e-10	-1.3461e-09	-4.9257e-05	1.2828e-04	5.0000e-01	3.1000e+01	8.0363e-13	3.1257e-02	1.0000e+00	1.0002e+00	
3.3000e+01	-3.4045e-10	-1.7330e-09	-5.0006e-05	1.3044e-04	5.0000e-01	3.2000e+01	7.7929e-13	3.0310e-02	1.0000e+00	1.0002e+00	
3.4000e+01	-3.4184e-10	-2.0950e-09	-5.0666e-05	1.3256e-04	5.0000e-01	3.3000e+01	7.5635e-13	2.9419e-02	1.0000e+00	1.0002e+00	
3.5000e+01	-3.4294e-10	-2.4263e-09	-5.1263e-05	1.3462e-04	5.0000e-01	3.4000e+01	7.3469e-13	2.8578e-02	1.0000e+00	1.0002e+00	
3.6000e+01	-3.4379e-10	-2.7221e-09	-5.1835e-05	1.3663e-04	5.0000e-01	3.5000e+01	7.1422e-13	2.7784e-02	1.0000e+00	1.0002e+00	
3.7000e+01	-3.4447e-10	-2.9785e-09	-5.2425e-05	1.3861e-04	5.0000e-01	3.6000e+01	6.9483e-13	2.7033e-02	1.0000e+00	1.0002e+00	
3.8000e+01	-3.4491e-10	-3.1936e-09	-5.3063e-05	1.4054e-04	5.0000e-01	3.7000e+01	6.7646e-13	2.6322e-02	1.0000e+00	1.0002e+00	
3.9000e+01	-3.4526e-10	-3.3678e-09	-5.3798e-05	1.4244e-04	5.0000e-01	3.8000e+01	6.5903e-13	2.5647e-02	1.0000e+00	1.0002e+00	
4.0000e+01	-3.4548e-10	-3.5037e-09	-5.4648e-05	1.4431e-04	5.0000e-01	3.9000e+01	6.4247e-13	2.5006e-02	1.0000e+00	1.0002e+00	
4.1000e+01	-3.4568e-10	-3.6072e-09	-5.5635e-05	1.4615e-04	5.0000e-01	4.0000e+01	6.2674e-13	2.4396e-02	1.0000e+00	1.0002e+00	
4.2000e+01	-3.4574e-10	-3.6863e-09	-5.6751e-05	1.4796e-04	5.0000e-01	4.1000e+01	6.1179e-13	2.3815e-02	1.0000e+00	1.0002e+00	
4.3000e+01	-3.4580e-10	-3.7515e-09	-5.7993e-05	1.4976e-04	5.0000e-01	4.2000e+01	5.9758e-13	2.3261e-02	1.0000e+00	1.0002e+00	
4.4000e+01	-3.4571e-10	-3.8154e-09	-5.9320e-05	1.5152e-04	5.0000e-01	4.3000e+01	5.8406e-13	2.2733e-02	1.0000e+00	1.0002e+00	
4.5000e+01	-3.4572e-10	-3.8901e-09	-6.0701e-05	1.5327e-04	5.0000e-01	4.4000e+01	5.7118e-13	2.2227e-02	1.0000e+00	1.0002e+00	
4.6000e+01	-3.4589e-10	-3.9841e-09	-6.2084e-05	1.5501e-04	5.0000e-01	4.5000e+01	5.5888e-13	2.1744e-02	1.0000e+00	1.0002e+00	
4.7000e+01	-3.4611e-10	-4.1000e-09	-6.3401e-05	1.5673e-04	5.0000e-01	4.6000e+01	5.4711e-13	2.1282e-02	1.0000e+00	1.0002e+00	
4.8000e+01	-3.4653e-10	-4.2342e-09	-6.4617e-05	1.5844e-04	5.0000e-01	4.7000e+01	5.3582e-13	2.0838e-02	1.0000e+00	1.0002e+00	
4.9000e+01	-3.4689e-10	-4.3797e-09	-6.5673e-05	1.6011e-04	5.0000e-01	4.8000e+01	5.2497e-13	2.0413e-02	1.0000e+00	1.0002e+00	
5.0000e+01	-3.4713e-10	-4.5282e-09	-6.6544e-05	1.6173e-04	5.0000e-01	4.9000e+01	5.1452e-13	2.0005e-02	1.0000e+00	1.0002e+00	
5.1000e+01	-3.4730e-10	-4.6722e-09	-6.7226e-05	1.6332e-04	5.0000e-01	5.0000e+01	5.0445e-13	1.9612e-02	1.0000e+00	1.0002e+00	
5.2000e+01	-3.4736e-10	-4.8048e-09	-6.7722e-05	1.6488e-04	5.0000e-01	5.1000e+01	4.9472e-13	1.9235e-02	1.0000e+00	1.0002e+00	
5.3000e+01	-3.4756e-10	-4.9187e-09	-6.8067e-05	1.6642e-04	5.0000e-01	5.2000e+01	4.8533e-13	1.8872e-02	1.0000e+00	1.0002e+00	
5.4000e+01	-3.4776e-10	-5.0063e-09	-6.8310e-05	1.6794e-04	5.0000e-01	5.3000e+01	4.7624e-13	1.8523e-02	1.0000e+00	1.0002e+00	
5.5000e+01	-3.4830e-10	-5.0602e-09	-6.8575e-05	1.6952e-04	5.0000e-01	5.4000e+01	4.6745e-13	1.8186e-02	1.0000e+00	1.0002e+00	
5.6000e+01	-3.4872e-10	-5.0761e-09	-6.8920e-05	1.7107e-04	5.0000e-01	5.5000e+01	4.5896e-13	1.7861e-02	1.0000e+00	1.0002e+00	
5.7000e+01	-3.4913e-10	-5.0532e-09	-6.9463e-05	1.7267e-04	5.0000e-01	5.6000e+01	4.5077e-13	1.7548e-02	1.0000e+00	1.0002e+00	
5.8000e+01	-3.4936e-10	-4.9964e-09	-7.0248e-05	1.7428e-04	5.0000e-01	5.7000e+01	4.4290e-13	1.7245e-02	1.0000e+00	1.0002e+00	
5.9000e+01	-3.4920e-10	-4.9164e-09	-7.1261e-05	1.7585e-04	5.0000e-01	5.8000e+01	4.3537e-13	1.6953e-02	1.0000e+00	1.0002e+00	
6.0000e+01	-3.4876e-10	-4.8275e-09	-7.2460e-05	1.7742e-04	5.0000e-01	5.9000e+01	4.2817e-13	1.6671e-02	1.0000e+00	1.0002e+00	
6.1000e+01	-3.4807e-10	-4.7495e-09	-7.3624e-05	1.7886e-04	5.0000e-01	6.0000e+01	4.2129e-13	1.6397e-02	1.0000e+00	1.0002e+00	
6.2000e+01	-3.4778e-10	-4.6903e-09	-7.4825e-05	1.8038e-04	5.0000e-01	6.1000e+01	4.1464e-13	1.6133e-02	1.0000e+00	1.0002e+00	
6.3000e+01	-3.4747e-10	-4.6533e-09	-7.6092e-05	1.8189e-04	5.0000e-01	6.2000e+01	4.0818e-13	1.5877e-02	1.0000e+00	1.0002e+00	
6.4000e+01	-3.4723e-10	-4.6408e-09	-7.6869e-05	1.8322e-04	5.0000e-01	6.3000e+01	4.0185e-13	1.5629e-02	1.0000e+00	1.0002e+00	
6.5000e+01	-3.4713e-10	-4.6415e-09	-7.7463e-05	1.8447e-04	5.0000e-01	6.4000e+01	3.9561e-13	1.5388e-02	1.0000e+00	1.0002e+00	
6.6000e+01	-3.4743e-10	-4.6374e-09	-7.7832e-05	1.8574e-04	5.0000e-01	6.5000e+01	3.8947e-13	1.5155e-02	1.0000e+00	1.0002e+00	
6.7000e+01	-3.4805e-10	-4.6060e-09	-7.8125e-05	1.8706e-04	5.0000e-01	6.6000e+01	3.8344e-13	1.4929e-02	1.0000e+00	1.0002e+00	
6.8000e+01	-3.4858e-10	-4.5296e-09	-7.8524e-05	1.8843e-04	5.0000e-01	6.7000e+01	3.7760e-13	1.4709e-02	1.0000e+00	1.0002e+00	
6.9000e+01	-3.4908e-10	-4.4065e-09	-7.9196e-05	1.8994e-04	5.0000e-01	6.8000e+01	3.7208e-13	1.4496e-02	1.0000e+00	1.0002e+00	
7.0000e+01	-3.4888e-10	-4.2549e-09	-8.0099e-05	1.9147e-04	5.0000e-01	6.9000e+01	3.6687e-13	1.4289e-02	1.0000e+00	1.0002e+00	
7.1000e+01	-3.4821e-10	-4.1105e-09	-8.1118e-05	1.9296e-04	5.0000e-01	7.0000e+01	3.6186e-13	1.4088e-02	1.0000e+00	1.0002e+00	
7.2000e+01	-3.4757e-10	-3.9992e-09	-8.2007e-05	1.9432e-04	5.0000e-01	7.1000e+01	3.5694e-13	1.3892e-02	1.0000e+00	1.0002e+00	
7.3000e+01	-3.4752e-10	-3.9217e-09	-8.2671e-05	1.9560e-04	5.0000e-01	7.2000e+01	3.5199e-13	1.3702e-02	1.0000e+00	1.0002e+00	
7.4000e+01	-3.4796e-10	-3.8604e-09	-8.3072e-05	1.9679e-04	5.0000e-01	7.3000e+01	3.4700e-13	1.3517e-02	1.0000e+00	1.0002e+00	
7.5000e+01	-3.4869e-10	-3.7777e-09	-8.3393e-05	1.9800e-04	5.0000e-01	7.4000e+01	3.4203e-13	1.3336e-02	1.0000e+00	1.0002e+00	
7.6000e+01	-3.4895e-10	-3.6366e-09	-8.3862e-05	1.9923e-04	5.0000e-01	7.5000e+01	3.3745e-13	1.3161e-02	1.0000e+00	1.0002e+00	
7.7000e+01	-3.4859e-10	-3.4465e-09	-8.4657e-05	2.0072e-04	5.0000e-01	7.6000e+01	3.3323e-13	1.2990e-02	1.0000e+00	1.0002e+00	
7.8000e+01	-3.4793e-10	-3.2751e-09	-8.5536e-05	2.0223e-04	5.0000e-01	7.7000e+01	3.2913e-13	1.2824e-02	1.0000e+00	1.0002e+00	
7.9000e+01	-3.4820e-10	-3.1525e-09	-8.6220e-05	2.0358e-04	5.0000e-01	7.8000e+01	3.2488e-13	1.2661e-02	1.0000e+00	1.0002e+00	
8.0000e+01	-3.4916e-10	-3.0546e-09	-8.6655e-05	2.0478e-04	5.0000e-01	7.9000e+01	3.2043e-13	1.2503e-02	1.0000e+00	1.0002e+00	
8.1000e+01	-3.4932e-10	-2.9128e-09	-8.7020e-05	2.0578e-04	5.0000e-01	8.0000e+01	3.1630e-13	1.2349e-02	1.0000e+00	1.0002e+00	
8.2000e+01	-3.4840e-10	-2.6948e-09	-8.7698e-05	2.0705e-04	5.0000e-01	8.1000e+01	3.1268e-13	1.2198e-02	1.0000e+00	1.0002e+00	
8.3000e+01	-3.4819e-10	-2.5106e-09	-8.8566e-05	2.0862e-04	5.0000e-01	8.2000e+01	3.0900e-13	1.2051e-02	1.0000e+00	1.0002e+00	
8.4000e+01	-3.4984e-10	-2.3852e-09	-8.9215e-05	2.1004e-04	5.0000e-01	8.3000e+01	3.0490e-13	1.1908e-02	1.0000e+00	1.0002e+00	
8.5000e+01	-3.4977e-10	-2.2280e-09	-8.9636e-05	2.1099e-04	5.0000e-01	8.4000e+01	3.0121e-13	1.1767e-02	1.0000e+00	1.0002e+00	
8.6000e+01	-3.4800e-10	-1.9823e-09	-9.0292e-05	2.1206e-04	5.0000e-01	8.5000e+01	2.9802e-13	1.1631e-02	1.0000e+00	1.0002e+00	
8.7000e+01	-3.5003e-10	-1.8149e-09	-9.1271e-05	2.1381e-04	5.0000e-01	8.6000e+01	2.9432e-13	1.1497e-02	1.0000e+00	1.0002e+00	
8.8000e+01	-3.5005e-10	-1.6631e-09	-9.1886e-05	2.1491e-04	5.0000e-01	8.7000e+01	2.9077e-13	1.1366e-02	1.0000e+00	1.0002e+00	
8.9000e+01	-3.4788e-10	-1.4035e-09	-9.2507e-05	2.1567e-04	5.0000e-01	8.8000e+01	2.8785e-13	1.1239e-02	1.0000e+00	1.0002e+00	
9.0000e+01	-3.5140e-10	-1.2487e-09	-9.3712e-05	2.1763e-04	5.0000e-01	8.9000e+01	2.8404e-13	1.1114e-02	1.0000e+00	1.0002e+00	
9.1000e+01	-3.4632e-10	-1.0065e-09	-9.4264e-05	2.1805e-04	5.0000e-01	9.0000e+01	2.8151e-13	1.0992e-02	1.0000e+00	1.0002e+00	
9.2000e+01	-3.5275e-10	-8.2859e-10	-9.5676e-05	2.2006e-04	5.0000e-01	9.1000e+01	2.7759e-13	1.0872e-02	1.0000e+00	1.0002e+00	
9.3000e+01	-3.4524e-10	-6.1583e-10	-9.6423e-05	2.2060e-04	5.0000e-01	9.2000e+01	2.7526e-13	1.0755e-02	1.0000e+00	1.0002e+00	
9.4000e+01	-3.5294e-10	-4.0987e-10	-9.8028e-05	2.2228e-04	5.0000e-01	9.3000e+01	2.7196e-13	1.0641e-02	1.0000e+00	1.0002e+00	
9.5000e+01	-3.4136e-10	-1.9671e-10	-9.9130e-05	2.2274e-04	5.0000e-01	9.4000e+01	2.7021e-13	1.0529e-02	1.0000e+00	1.0002e+00	
9.6000e+01	-3.5218e-10	-5.2431e-11	-1.0126e-04	2.2491e-04	5.0000e-01	9.5000e+01	2.6631e-13	1.0419e-02	1.0000e+00	1.0002e+00	
9.7000e+01	-3.5044e-10	1.7475e-10	-1.0293e-04	2.2543e-04	5.0000e-01	9.6000e+01	2.6413e-13	1.0312e-02	1.0000e+00	1.0002e+00	
9.8000e+01	-3.3843e-10	3.5703e-10	-1.0483e-04	2.2585e-04	5.0000e-01	9.7000e+01	2.6347e-13	1.0207e-02	1.0000e+00	1.0002e+00	
9.9000e+01	-3.3565e-10	4.8898e-10	-1.0752e-04	2.2710e-04	5.0000e-01	9.8000e+01	2.6113e-13	1.0103e-02	1.0000e+00	1.0002e+00	
1.0000e+02	-3.3063e-10	6.8578e-10	-1.0987e-04	2.2656e-04	5.0000e-01	9.9000e+01	2.5813e-13	1.0002e-02	1.0000e+00	1.0002e+00	
1.0100e+02	0.0000e+00	0.0000e+00	0.0000e+00	0.0000e+00	5.0000e-01	1.0000e+02	0.0000e+00	0.0000e+00	0.0000e+00	0.0000e+00	
