k	ak	bk	ck	dk	ek	ekc	apk	
1.0000e+00	0.0000e+00	0.0000e+00	0.0000e+00	0.0000e+00	0.0000e+00	0.0000e+00	5.0000e-01	
2.0000e+00	-2.1606e-08	-3.1257e-07	5.6408e-08	1.0000e+00	5.0000e-01	5.0000e-01	5.0000e-01	
3.0000e+00	-4.3478e-09	-7.2997e-07	1.5417e-07	2.0000e+00	5.0000e-01	1.0000e+00	5.0000e-01	
4.0000e+00	1.2523e-08	-1.1911e-06	2.7697e-07	3.0000e+00	5.0000e-01	1.5000e+00	5.0000e-01	
5.0000e+00	3.1012e-08	-1.7302e-06	4.2891e-07	4.0000e+00	5.0000e-01	2.0000e+00	5.0000e-01	
6.0000e+00	5.1099e-08	-2.3030e-06	5.9793e-07	5.0000e+00	5.0000e-01	2.5000e+00	5.0000e-01	
7.0000e+00	7.2426e-08	-2.8827e-06	7.8256e-07	6.0000e+00	5.0000e-01	3.0000e+00	5.0000e-01	
8.0000e+00	9.5046e-08	-3.4672e-06	9.8076e-07	7.0000e+00	5.0000e-01	3.5000e+00	5.0000e-01	
9.0000e+00	1.1912e-07	-4.0497e-06	1.1880e-06	8.0000e+00	5.0000e-01	4.0000e+00	5.0000e-01	
1.0000e+01	1.4444e-07	-4.6246e-06	1.4016e-06	9.0000e+00	5.0000e-01	4.5000e+00	5.0000e-01	
1.1000e+01	1.7065e-07	-5.1940e-06	1.6216e-06	1.0000e+01	5.0000e-01	5.0000e+00	5.0000e-01	
1.2000e+01	1.9763e-07	-5.7607e-06	1.8482e-06	1.1000e+01	5.0000e-01	5.5000e+00	5.0000e-01	
1.3000e+01	2.2542e-07	-6.3229e-06	2.0798e-06	1.2000e+01	5.0000e-01	6.0000e+00	5.0000e-01	
1.4000e+01	2.5410e-07	-6.8759e-06	2.3137e-06	1.3000e+01	5.0000e-01	6.5000e+00	5.0000e-01	
1.5000e+01	2.8363e-07	-7.4154e-06	2.5475e-06	1.4000e+01	5.0000e-01	7.0000e+00	5.0000e-01	
1.6000e+01	3.1384e-07	-7.9395e-06	2.7797e-06	1.5000e+01	5.0000e-01	7.5000e+00	5.0000e-01	
1.7000e+01	3.4448e-07	-8.4486e-06	3.0103e-06	1.6000e+01	5.0000e-01	8.0000e+00	5.0000e-01	
1.8000e+01	3.7532e-07	-8.9440e-06	3.2395e-06	1.7000e+01	5.0000e-01	8.5000e+00	5.0000e-01	
1.9000e+01	4.0618e-07	-9.4271e-06	3.4677e-06	1.8000e+01	5.0000e-01	9.0000e+00	5.0000e-01	
2.0000e+01	4.3695e-07	-9.8982e-06	3.6949e-06	1.9000e+01	5.0000e-01	9.5000e+00	5.0000e-01	
2.1000e+01	4.6760e-07	-1.0357e-05	3.9206e-06	2.0000e+01	5.0000e-01	1.0000e+01	5.0000e-01	
2.2000e+01	4.9818e-07	-1.0802e-05	4.1438e-06	2.1000e+01	5.0000e-01	1.0500e+01	5.0000e-01	
2.3000e+01	5.2884e-07	-1.1231e-05	4.3636e-06	2.2000e+01	5.0000e-01	1.1000e+01	5.0000e-01	
2.4000e+01	5.5966e-07	-1.1642e-05	4.5787e-06	2.3000e+01	5.0000e-01	1.1500e+01	5.0000e-01	
2.5000e+01	5.9061e-07	-1.2035e-05	4.7883e-06	2.4000e+01	5.0000e-01	1.2000e+01	5.0000e-01	
2.6000e+01	6.2152e-07	-1.2410e-05	4.9923e-06	2.5000e+01	5.0000e-01	1.2500e+01	5.0000e-01	
2.7000e+01	6.5211e-07	-1.2768e-05	5.1911e-06	2.6000e+01	5.0000e-01	1.3000e+01	5.0000e-01	
2.8000e+01	6.8232e-07	-1.3111e-05	5.3848e-06	2.7000e+01	5.0000e-01	1.3500e+01	5.0000e-01	
2.9000e+01	7.1231e-07	-1.3438e-05	5.5724e-06	2.8000e+01	5.0000e-01	1.4000e+01	5.0000e-01	
3.0000e+01	7.4216e-07	-1.3747e-05	5.7532e-06	2.9000e+01	5.0000e-01	1.4500e+01	5.0000e-01	
3.1000e+01	7.7175e-07	-1.4040e-05	5.9273e-06	3.0000e+01	5.0000e-01	1.5000e+01	5.0000e-01	
3.2000e+01	8.0099e-07	-1.4316e-05	6.0949e-06	3.1000e+01	5.0000e-01	1.5500e+01	5.0000e-01	
3.3000e+01	8.2977e-07	-1.4577e-05	6.2563e-06	3.2000e+01	5.0000e-01	1.6000e+01	5.0000e-01	
3.4000e+01	8.5807e-07	-1.4824e-05	6.4117e-06	3.3000e+01	5.0000e-01	1.6500e+01	5.0000e-01	
3.5000e+01	8.8586e-07	-1.5056e-05	6.5614e-06	3.4000e+01	5.0000e-01	1.7000e+01	5.0000e-01	
3.6000e+01	9.1316e-07	-1.5274e-05	6.7053e-06	3.5000e+01	5.0000e-01	1.7500e+01	5.0000e-01	
3.7000e+01	9.4002e-07	-1.5479e-05	6.8435e-06	3.6000e+01	5.0000e-01	1.8000e+01	5.0000e-01	
3.8000e+01	9.6652e-07	-1.5670e-05	6.9759e-06	3.7000e+01	5.0000e-01	1.8500e+01	5.0000e-01	
3.9000e+01	9.9277e-07	-1.5848e-05	7.1022e-06	3.8000e+01	5.0000e-01	1.9000e+01	5.0000e-01	
4.0000e+01	1.0189e-06	-1.6013e-05	7.2223e-06	3.9000e+01	5.0000e-01	1.9500e+01	5.0000e-01	
4.1000e+01	1.0449e-06	-1.6163e-05	7.3359e-06	4.0000e+01	5.0000e-01	2.0000e+01	5.0000e-01	
4.2000e+01	1.0709e-06	-1.6300e-05	7.4428e-06	4.1000e+01	5.0000e-01	2.0500e+01	5.0000e-01	
4.3000e+01	1.0970e-06	-1.6422e-05	7.5427e-06	4.2000e+01	5.0000e-01	2.1000e+01	5.0000e-01	
4.4000e+01	1.1229e-06	-1.6531e-05	7.6356e-06	4.3000e+01	5.0000e-01	2.1500e+01	5.0000e-01	
4.5000e+01	1.1487e-06	-1.6624e-05	7.7212e-06	4.4000e+01	5.0000e-01	2.2000e+01	5.0000e-01	
4.6000e+01	1.1739e-06	-1.6703e-05	7.7996e-06	4.5000e+01	5.0000e-01	2.2500e+01	5.0000e-01	
4.7000e+01	1.1984e-06	-1.6767e-05	7.8707e-06	4.6000e+01	5.0000e-01	2.3000e+01	5.0000e-01	
4.8000e+01	1.2217e-06	-1.6816e-05	7.9346e-06	4.7000e+01	5.0000e-01	2.3500e+01	5.0000e-01	
4.9000e+01	1.2437e-06	-1.6851e-05	7.9912e-06	4.8000e+01	5.0000e-01	2.4000e+01	5.0000e-01	
5.0000e+01	1.2642e-06	-1.6871e-05	8.0406e-06	4.9000e+01	5.0000e-01	2.4500e+01	5.0000e-01	
5.1000e+01	1.2830e-06	-1.6876e-05	8.0826e-06	5.0000e+01	5.0000e-01	2.5000e+01	5.0000e-01	
5.2000e+01	1.3002e-06	-1.6866e-05	8.1173e-06	5.1000e+01	5.0000e-01	2.5500e+01	5.0000e-01	
5.3000e+01	1.3157e-06	-1.6842e-05	8.1445e-06	5.2000e+01	5.0000e-01	2.6000e+01	5.0000e-01	
5.4000e+01	1.3298e-06	-1.6803e-05	8.1641e-06	5.3000e+01	5.0000e-01	2.6500e+01	5.0000e-01	
5.5000e+01	1.3425e-06	-1.6750e-05	8.1759e-06	5.4000e+01	5.0000e-01	2.7000e+01	5.0000e-01	
5.6000e+01	1.3542e-06	-1.6683e-05	8.1797e-06	5.5000e+01	5.0000e-01	2.7500e+01	5.0000e-01	
5.7000e+01	1.3649e-06	-1.6601e-05	8.1755e-06	5.6000e+01	5.0000e-01	2.8000e+01	5.0000e-01	
5.8000e+01	1.3746e-06	-1.6505e-05	8.1631e-06	5.7000e+01	5.0000e-01	2.8500e+01	5.0000e-01	
5.9000e+01	1.3836e-06	-1.6395e-05	8.1425e-06	5.8000e+01	5.0000e-01	2.9000e+01	5.0000e-01	
6.0000e+01	1.3917e-06	-1.6270e-05	8.1137e-06	5.9000e+01	5.0000e-01	2.9500e+01	5.0000e-01	
6.1000e+01	1.3990e-06	-1.6131e-05	8.0766e-06	6.0000e+01	5.0000e-01	3.0000e+01	5.0000e-01	
6.2000e+01	1.4053e-06	-1.5978e-05	8.0313e-06	6.1000e+01	5.0000e-01	3.0500e+01	5.0000e-01	
6.3000e+01	1.4107e-06	-1.5811e-05	7.9778e-06	6.2000e+01	5.0000e-01	3.1000e+01	5.0000e-01	
6.4000e+01	1.4151e-06	-1.5630e-05	7.9160e-06	6.3000e+01	5.0000e-01	3.1500e+01	5.0000e-01	
6.5000e+01	1.4183e-06	-1.5434e-05	7.8460e-06	6.4000e+01	5.0000e-01	3.2000e+01	5.0000e-01	
6.6000e+01	1.4204e-06	-1.5224e-05	7.7677e-06	6.5000e+01	5.0000e-01	3.2500e+01	5.0000e-01	
6.7000e+01	1.4212e-06	-1.5000e-05	7.6812e-06	6.6000e+01	5.0000e-01	3.3000e+01	5.0000e-01	
6.8000e+01	1.4208e-06	-1.4762e-05	7.5864e-06	6.7000e+01	5.0000e-01	3.3500e+01	5.0000e-01	
6.9000e+01	1.4189e-06	-1.4509e-05	7.4834e-06	6.8000e+01	5.0000e-01	3.4000e+01	5.0000e-01	
7.0000e+01	1.4156e-06	-1.4241e-05	7.3719e-06	6.9000e+01	5.0000e-01	3.4500e+01	5.0000e-01	
7.1000e+01	1.4108e-06	-1.3959e-05	7.2521e-06	7.0000e+01	5.0000e-01	3.5000e+01	5.0000e-01	
7.2000e+01	1.4043e-06	-1.3662e-05	7.1238e-06	7.1000e+01	5.0000e-01	3.5500e+01	5.0000e-01	
7.3000e+01	1.3962e-06	-1.3350e-05	6.9872e-06	7.2000e+01	5.0000e-01	3.6000e+01	5.0000e-01	
7.4000e+01	1.3864e-06	-1.3024e-05	6.8421e-06	7.3000e+01	5.0000e-01	3.6500e+01	5.0000e-01	
7.5000e+01	1.3747e-06	-1.2682e-05	6.6884e-06	7.4000e+01	5.0000e-01	3.7000e+01	5.0000e-01	
7.6000e+01	1.3611e-06	-1.2325e-05	6.5262e-06	7.5000e+01	5.0000e-01	3.7500e+01	5.0000e-01	
7.7000e+01	1.3456e-06	-1.1953e-05	6.3554e-06	7.6000e+01	5.0000e-01	3.8000e+01	5.0000e-01	
7.8000e+01	1.3279e-06	-1.1565e-05	6.1760e-06	7.7000e+01	5.0000e-01	3.8500e+01	5.0000e-01	
7.9000e+01	1.3082e-06	-1.1162e-05	5.9878e-06	7.8000e+01	5.0000e-01	3.9000e+01	5.0000e-01	
8.0000e+01	1.2861e-06	-1.0743e-05	5.7910e-06	7.9000e+01	5.0000e-01	3.9500e+01	5.0000e-01	
8.1000e+01	1.2617e-06	-1.0309e-05	5.5855e-06	8.0000e+01	5.0000e-01	4.0000e+01	5.0000e-01	
8.2000e+01	1.2349e-06	-9.8581e-06	5.3713e-06	8.1000e+01	5.0000e-01	4.0500e+01	5.0000e-01	
8.3000e+01	1.2055e-06	-9.3915e-06	5.1482e-06	8.2000e+01	5.0000e-01	4.1000e+01	5.0000e-01	
8.4000e+01	1.1734e-06	-8.9087e-06	4.9164e-06	8.3000e+01	5.0000e-01	4.1500e+01	5.0000e-01	
8.5000e+01	1.1385e-06	-8.4095e-06	4.6757e-06	8.4000e+01	5.0000e-01	4.2000e+01	5.0000e-01	
8.6000e+01	1.1007e-06	-7.8940e-06	4.4263e-06	8.5000e+01	5.0000e-01	4.2500e+01	5.0000e-01	
8.7000e+01	1.0598e-06	-7.3619e-06	4.1680e-06	8.6000e+01	5.0000e-01	4.3000e+01	5.0000e-01	
8.8000e+01	1.0157e-06	-6.8134e-06	3.9010e-06	8.7000e+01	5.0000e-01	4.3500e+01	5.0000e-01	
8.9000e+01	9.6825e-07	-6.2484e-06	3.6253e-06	8.8000e+01	5.0000e-01	4.4000e+01	5.0000e-01	
9.0000e+01	9.1723e-07	-5.6671e-06	3.3410e-06	8.9000e+01	5.0000e-01	4.4500e+01	5.0000e-01	
9.1000e+01	8.6244e-07	-5.0699e-06	3.0484e-06	9.0000e+01	5.0000e-01	4.5000e+01	5.0000e-01	
9.2000e+01	8.0386e-07	-4.4578e-06	2.7478e-06	9.1000e+01	5.0000e-01	4.5500e+01	5.0000e-01	
9.3000e+01	7.4103e-07	-3.8322e-06	2.4401e-06	9.2000e+01	5.0000e-01	4.6000e+01	5.0000e-01	
9.4000e+01	6.7347e-07	-3.1962e-06	2.1266e-06	9.3000e+01	5.0000e-01	4.6500e+01	5.0000e-01	
9.5000e+01	6.0074e-07	-2.5552e-06	1.8093e-06	9.4000e+01	5.0000e-01	4.7000e+01	5.0000e-01	
9.6000e+01	5.2230e-07	-1.9190e-06	1.4914e-06	9.5000e+01	5.0000e-01	4.7500e+01	5.0000e-01	
9.7000e+01	4.3747e-07	-1.3036e-06	1.1770e-06	9.6000e+01	5.0000e-01	4.8000e+01	5.0000e-01	
9.8000e+01	3.4484e-07	-7.3547e-07	8.7104e-07	9.7000e+01	5.0000e-01	4.8500e+01	5.0000e-01	
9.9000e+01	2.4128e-07	-2.5688e-07	5.7811e-07	9.8000e+01	5.0000e-01	4.9000e+01	5.0000e-01	
1.0000e+02	1.2496e-07	6.7630e-08	2.9372e-07	9.9000e+01	5.0000e-01	4.9500e+01	5.0000e-01	
1.0100e+02	0.0000e+00	0.0000e+00	0.0000e+00	1.0000e+02	6.0139e-07	4.9500e+01	0.0000e+00	
