k	Q1	Q2	Q3	Q4	apk	dk	alphak	tauk	deltak	gammak	
1.0000e+00	0.0000e+00	0.0000e+00	0.0000e+00	0.0000e+00	5.0000e-01	0.0000e+00	1.1689e-02	9.9979e-01	1.0000e+00	1.0116e+00	
2.0000e+00	-3.5939e-07	-5.4684e-02	-4.3059e-05	1.1049e-03	5.0000e-01	9.9988e-01	1.2093e-02	5.0407e-01	1.0000e+00	1.0139e+00	
3.0000e+00	-5.1219e-07	-9.7142e-02	4.5157e-04	1.5995e-03	5.0000e-01	1.9997e+00	1.1816e-02	3.3685e-01	1.0000e+00	1.0146e+00	
4.0000e+00	-5.4745e-07	-1.3349e-01	6.2678e-04	2.0854e-03	5.0000e-01	3.0002e+00	1.1429e-02	2.5290e-01	1.0000e+00	1.0148e+00	
5.0000e+00	-5.5634e-07	-1.6570e-01	7.5732e-04	2.4748e-03	5.0000e-01	4.0009e+00	1.0851e-02	2.0243e-01	1.0000e+00	1.0149e+00	
6.0000e+00	-5.7272e-07	-1.9598e-01	8.7154e-04	2.8180e-03	5.0000e-01	5.0018e+00	1.0474e-02	1.6876e-01	1.0000e+00	1.0151e+00	
7.0000e+00	-5.7555e-07	-2.2410e-01	9.5495e-04	3.1108e-03	5.0000e-01	6.0030e+00	1.0125e-02	1.4469e-01	1.0000e+00	1.0151e+00	
8.0000e+00	-5.7695e-07	-2.5062e-01	1.0159e-03	3.3729e-03	5.0000e-01	7.0042e+00	9.8011e-03	1.2663e-01	1.0000e+00	1.0152e+00	
9.0000e+00	-5.7735e-07	-2.7582e-01	1.0618e-03	3.6109e-03	5.0000e-01	8.0056e+00	9.5053e-03	1.1257e-01	1.0000e+00	1.0152e+00	
1.0000e+01	-5.7695e-07	-2.9987e-01	1.0973e-03	3.8287e-03	5.0000e-01	9.0071e+00	9.2355e-03	1.0133e-01	1.0000e+00	1.0153e+00	
1.1000e+01	-5.7582e-07	-3.2292e-01	1.1244e-03	4.0293e-03	5.0000e-01	1.0009e+01	8.9886e-03	9.2122e-02	1.0000e+00	1.0153e+00	
1.2000e+01	-5.7406e-07	-3.4512e-01	1.1440e-03	4.2153e-03	5.0000e-01	1.1010e+01	8.7624e-03	8.4450e-02	1.0000e+00	1.0153e+00	
1.3000e+01	-5.7182e-07	-3.6657e-01	1.1578e-03	4.3887e-03	5.0000e-01	1.2012e+01	8.5549e-03	7.7958e-02	1.0000e+00	1.0154e+00	
1.4000e+01	-5.6930e-07	-3.8737e-01	1.1687e-03	4.5510e-03	5.0000e-01	1.3014e+01	8.3642e-03	7.2393e-02	1.0000e+00	1.0154e+00	
1.5000e+01	-5.6665e-07	-4.0760e-01	1.1802e-03	4.7038e-03	5.0000e-01	1.4016e+01	8.1882e-03	6.7569e-02	1.0000e+00	1.0154e+00	
1.6000e+01	-5.6400e-07	-4.2733e-01	1.1949e-03	4.8484e-03	5.0000e-01	1.5018e+01	8.0247e-03	6.3348e-02	1.0000e+00	1.0154e+00	
1.7000e+01	-5.6139e-07	-4.4664e-01	1.2138e-03	4.9864e-03	5.0000e-01	1.6020e+01	7.8720e-03	5.9623e-02	1.0000e+00	1.0154e+00	
1.8000e+01	-5.5884e-07	-4.6559e-01	1.2356e-03	5.1188e-03	5.0000e-01	1.7022e+01	7.7292e-03	5.6312e-02	1.0000e+00	1.0154e+00	
1.9000e+01	-5.5639e-07	-4.8423e-01	1.2573e-03	5.2467e-03	5.0000e-01	1.8024e+01	7.5956e-03	5.3348e-02	1.0000e+00	1.0154e+00	
2.0000e+01	-5.5402e-07	-5.0260e-01	1.2753e-03	5.3706e-03	5.0000e-01	1.9026e+01	7.4706e-03	5.0681e-02	1.0000e+00	1.0154e+00	
2.1000e+01	-5.5172e-07	-5.2071e-01	1.2861e-03	5.4912e-03	5.0000e-01	2.0028e+01	7.3535e-03	4.8267e-02	1.0000e+00	1.0154e+00	
2.2000e+01	-5.4948e-07	-5.3858e-01	1.2875e-03	5.6084e-03	5.0000e-01	2.1031e+01	7.2435e-03	4.6072e-02	1.0000e+00	1.0154e+00	
2.3000e+01	-5.4728e-07	-5.5622e-01	1.2785e-03	5.7225e-03	5.0000e-01	2.2033e+01	7.1397e-03	4.4068e-02	1.0000e+00	1.0154e+00	
2.4000e+01	-5.4512e-07	-5.7361e-01	1.2600e-03	5.8336e-03	5.0000e-01	2.3035e+01	7.0416e-03	4.2232e-02	1.0000e+00	1.0154e+00	
2.5000e+01	-5.4301e-07	-5.9078e-01	1.2340e-03	5.9416e-03	5.0000e-01	2.4038e+01	6.9484e-03	4.0542e-02	1.0000e+00	1.0154e+00	
2.6000e+01	-5.4094e-07	-6.0772e-01	1.2037e-03	6.0466e-03	5.0000e-01	2.5040e+01	6.8595e-03	3.8983e-02	1.0000e+00	1.0154e+00	
2.7000e+01	-5.3893e-07	-6.2447e-01	1.1731e-03	6.1486e-03	5.0000e-01	2.6043e+01	6.7746e-03	3.7540e-02	1.0000e+00	1.0154e+00	
2.8000e+01	-5.3693e-07	-6.4101e-01	1.1451e-03	6.2478e-03	5.0000e-01	2.7046e+01	6.6934e-03	3.6200e-02	1.0000e+00	1.0155e+00	
2.9000e+01	-5.3495e-07	-6.5737e-01	1.1216e-03	6.3444e-03	5.0000e-01	2.8048e+01	6.6158e-03	3.4953e-02	1.0000e+00	1.0155e+00	
3.0000e+01	-5.3295e-07	-6.7356e-01	1.1030e-03	6.4385e-03	5.0000e-01	2.9051e+01	6.5419e-03	3.3789e-02	1.0000e+00	1.0156e+00	
3.1000e+01	-5.3094e-07	-6.8957e-01	1.0903e-03	6.5303e-03	5.0000e-01	3.0054e+01	6.4714e-03	3.2700e-02	1.0000e+00	1.0156e+00	
3.2000e+01	-5.2893e-07	-7.0543e-01	1.0850e-03	6.6199e-03	5.0000e-01	3.1056e+01	6.4041e-03	3.1680e-02	1.0000e+00	1.0157e+00	
3.3000e+01	-5.2695e-07	-7.2113e-01	1.0875e-03	6.7074e-03	5.0000e-01	3.2059e+01	6.3397e-03	3.0721e-02	1.0000e+00	1.0157e+00	
3.4000e+01	-5.2504e-07	-7.3671e-01	1.0979e-03	6.7931e-03	5.0000e-01	3.3062e+01	6.2779e-03	2.9819e-02	1.0000e+00	1.0158e+00	
3.5000e+01	-5.2321e-07	-7.5217e-01	1.1159e-03	6.8771e-03	5.0000e-01	3.4064e+01	6.2184e-03	2.8968e-02	1.0000e+00	1.0158e+00	
3.6000e+01	-5.2148e-07	-7.6754e-01	1.1405e-03	6.9598e-03	5.0000e-01	3.5067e+01	6.1610e-03	2.8164e-02	1.0000e+00	1.0159e+00	
3.7000e+01	-5.1988e-07	-7.8283e-01	1.1706e-03	7.0413e-03	5.0000e-01	3.6070e+01	6.1055e-03	2.7404e-02	1.0000e+00	1.0159e+00	
3.8000e+01	-5.1841e-07	-7.9807e-01	1.2050e-03	7.1217e-03	5.0000e-01	3.7073e+01	6.0518e-03	2.6683e-02	1.0000e+00	1.0159e+00	
3.9000e+01	-5.1707e-07	-8.1326e-01	1.2427e-03	7.2013e-03	5.0000e-01	3.8076e+01	5.9998e-03	2.6000e-02	1.0000e+00	1.0159e+00	
4.0000e+01	-5.1588e-07	-8.2843e-01	1.2822e-03	7.2803e-03	5.0000e-01	3.9078e+01	5.9494e-03	2.5350e-02	1.0000e+00	1.0160e+00	
4.1000e+01	-5.1483e-07	-8.4359e-01	1.3225e-03	7.3587e-03	5.0000e-01	4.0081e+01	5.9004e-03	2.4732e-02	1.0000e+00	1.0160e+00	
4.2000e+01	-5.1392e-07	-8.5876e-01	1.3627e-03	7.4368e-03	5.0000e-01	4.1084e+01	5.8527e-03	2.4143e-02	1.0000e+00	1.0160e+00	
4.3000e+01	-5.1315e-07	-8.7394e-01	1.4019e-03	7.5146e-03	5.0000e-01	4.2087e+01	5.8064e-03	2.3581e-02	1.0000e+00	1.0160e+00	
4.4000e+01	-5.1252e-07	-8.8916e-01	1.4395e-03	7.5922e-03	5.0000e-01	4.3090e+01	5.7614e-03	2.3045e-02	1.0000e+00	1.0160e+00	
4.5000e+01	-5.1202e-07	-9.0442e-01	1.4748e-03	7.6698e-03	5.0000e-01	4.4093e+01	5.7175e-03	2.2533e-02	1.0000e+00	1.0160e+00	
4.6000e+01	-5.1166e-07	-9.1974e-01	1.5074e-03	7.7475e-03	5.0000e-01	4.5096e+01	5.6749e-03	2.2043e-02	1.0000e+00	1.0160e+00	
4.7000e+01	-5.1141e-07	-9.3510e-01	1.5364e-03	7.8252e-03	5.0000e-01	4.6099e+01	5.6334e-03	2.1573e-02	1.0000e+00	1.0160e+00	
4.8000e+01	-5.1128e-07	-9.5052e-01	1.5617e-03	7.9031e-03	5.0000e-01	4.7102e+01	5.5932e-03	2.1123e-02	1.0000e+00	1.0159e+00	
4.9000e+01	-5.1126e-07	-9.6599e-01	1.5829e-03	7.9813e-03	5.0000e-01	4.8105e+01	5.5542e-03	2.0692e-02	1.0000e+00	1.0159e+00	
5.0000e+01	-5.1133e-07	-9.8148e-01	1.5986e-03	8.0595e-03	5.0000e-01	4.9109e+01	5.5165e-03	2.0277e-02	1.0000e+00	1.0159e+00	
5.1000e+01	-5.1147e-07	-9.9698e-01	1.6086e-03	8.1377e-03	5.0000e-01	5.0112e+01	5.4801e-03	1.9879e-02	1.0000e+00	1.0159e+00	
5.2000e+01	-5.1167e-07	-1.0125e+00	1.6129e-03	8.2159e-03	5.0000e-01	5.1115e+01	5.4451e-03	1.9496e-02	1.0000e+00	1.0158e+00	
5.3000e+01	-5.1192e-07	-1.0279e+00	1.6114e-03	8.2938e-03	5.0000e-01	5.2118e+01	5.4114e-03	1.9127e-02	1.0000e+00	1.0158e+00	
5.4000e+01	-5.1218e-07	-1.0432e+00	1.6040e-03	8.3711e-03	5.0000e-01	5.3122e+01	5.3790e-03	1.8773e-02	1.0000e+00	1.0158e+00	
5.5000e+01	-5.1245e-07	-1.0583e+00	1.5911e-03	8.4478e-03	5.0000e-01	5.4125e+01	5.3481e-03	1.8431e-02	1.0000e+00	1.0158e+00	
5.6000e+01	-5.1271e-07	-1.0732e+00	1.5736e-03	8.5234e-03	5.0000e-01	5.5128e+01	5.3183e-03	1.8101e-02	1.0000e+00	1.0157e+00	
5.7000e+01	-5.1292e-07	-1.0879e+00	1.5524e-03	8.5977e-03	5.0000e-01	5.6132e+01	5.2897e-03	1.7783e-02	1.0000e+00	1.0157e+00	
5.8000e+01	-5.1307e-07	-1.1023e+00	1.5295e-03	8.6704e-03	5.0000e-01	5.7135e+01	5.2621e-03	1.7476e-02	1.0000e+00	1.0157e+00	
5.9000e+01	-5.1311e-07	-1.1163e+00	1.5068e-03	8.7411e-03	5.0000e-01	5.8139e+01	5.2354e-03	1.7179e-02	1.0000e+00	1.0157e+00	
6.0000e+01	-5.1300e-07	-1.1299e+00	1.4863e-03	8.8096e-03	5.0000e-01	5.9142e+01	5.2094e-03	1.6892e-02	1.0000e+00	1.0157e+00	
6.1000e+01	-5.1268e-07	-1.1431e+00	1.4694e-03	8.8756e-03	5.0000e-01	6.0146e+01	5.1836e-03	1.6615e-02	1.0000e+00	1.0157e+00	
6.2000e+01	-5.1214e-07	-1.1558e+00	1.4575e-03	8.9388e-03	5.0000e-01	6.1149e+01	5.1578e-03	1.6347e-02	1.0000e+00	1.0157e+00	
6.3000e+01	-5.1137e-07	-1.1682e+00	1.4503e-03	8.9989e-03	5.0000e-01	6.2153e+01	5.1317e-03	1.6087e-02	1.0000e+00	1.0157e+00	
6.4000e+01	-5.1040e-07	-1.1803e+00	1.4480e-03	9.0563e-03	5.0000e-01	6.3156e+01	5.1054e-03	1.5836e-02	1.0000e+00	1.0157e+00	
6.5000e+01	-5.0927e-07	-1.1921e+00	1.4506e-03	9.1111e-03	5.0000e-01	6.4160e+01	5.0793e-03	1.5592e-02	1.0000e+00	1.0157e+00	
6.6000e+01	-5.0801e-07	-1.2037e+00	1.4580e-03	9.1641e-03	5.0000e-01	6.5163e+01	5.0535e-03	1.5356e-02	1.0000e+00	1.0157e+00	
6.7000e+01	-5.0670e-07	-1.2151e+00	1.4697e-03	9.2157e-03	5.0000e-01	6.6167e+01	5.0285e-03	1.5126e-02	1.0000e+00	1.0157e+00	
6.8000e+01	-5.0537e-07	-1.2263e+00	1.4838e-03	9.2667e-03	5.0000e-01	6.7171e+01	5.0045e-03	1.4904e-02	1.0000e+00	1.0157e+00	
6.9000e+01	-5.0405e-07	-1.2372e+00	1.4975e-03	9.3176e-03	5.0000e-01	6.8174e+01	4.9820e-03	1.4688e-02	1.0000e+00	1.0157e+00	
7.0000e+01	-5.0280e-07	-1.2477e+00	1.5070e-03	9.3685e-03	5.0000e-01	6.9178e+01	4.9614e-03	1.4478e-02	1.0000e+00	1.0157e+00	
7.1000e+01	-5.0169e-07	-1.2576e+00	1.5085e-03	9.4187e-03	5.0000e-01	7.0182e+01	4.9422e-03	1.4274e-02	1.0000e+00	1.0157e+00	
7.2000e+01	-5.0087e-07	-1.2668e+00	1.5003e-03	9.4673e-03	5.0000e-01	7.1185e+01	4.9177e-03	1.4075e-02	1.0000e+00	1.0157e+00	
7.3000e+01	-5.0094e-07	-1.2756e+00	1.4829e-03	9.5121e-03	5.0000e-01	7.2189e+01	4.8597e-03	1.3882e-02	1.0000e+00	1.0157e+00	
7.4000e+01	-5.0444e-07	-1.2866e+00	1.4591e-03	9.5602e-03	5.0000e-01	7.3193e+01	4.7922e-03	1.3695e-02	1.0000e+00	1.0157e+00	
7.5000e+01	-5.2024e-07	-1.3011e+00	1.4176e-03	9.6368e-03	5.0000e-01	7.4197e+01	4.8442e-03	1.3512e-02	1.0000e+00	1.0156e+00	
7.6000e+01	-5.4313e-07	-1.3082e+00	1.3751e-03	9.6290e-03	5.0000e-01	7.5201e+01	4.7740e-03	1.3334e-02	1.0000e+00	1.0156e+00	
7.7000e+01	-5.0661e-07	-1.3159e+00	1.3608e-03	9.6406e-03	5.0000e-01	7.6204e+01	4.8230e-03	1.3161e-02	1.0000e+00	1.0156e+00	
7.8000e+01	-4.9197e-07	-1.3176e+00	1.3610e-03	9.6321e-03	5.0000e-01	7.7208e+01	4.8075e-03	1.2992e-02	1.0000e+00	1.0156e+00	
7.9000e+01	-4.8820e-07	-1.3188e+00	1.3702e-03	9.6215e-03	5.0000e-01	7.8212e+01	4.7830e-03	1.2827e-02	1.0000e+00	1.0156e+00	
8.0000e+01	-4.8476e-07	-1.3194e+00	1.3797e-03	9.6073e-03	5.0000e-01	7.9216e+01	4.7638e-03	1.2667e-02	1.0000e+00	1.0156e+00	
8.1000e+01	-4.8081e-07	-1.3188e+00	1.3782e-03	9.5875e-03	5.0000e-01	8.0220e+01	4.7470e-03	1.2510e-02	1.0000e+00	1.0156e+00	
8.2000e+01	-4.7622e-07	-1.3163e+00	1.3587e-03	9.5579e-03	5.0000e-01	8.1224e+01	4.7329e-03	1.2358e-02	1.0000e+00	1.0156e+00	
8.3000e+01	-4.7123e-07	-1.3113e+00	1.3224e-03	9.5118e-03	5.0000e-01	8.2228e+01	4.7221e-03	1.2209e-02	1.0000e+00	1.0156e+00	
8.4000e+01	-4.6753e-07	-1.3035e+00	1.2774e-03	9.4474e-03	5.0000e-01	8.3232e+01	4.7116e-03	1.2063e-02	1.0000e+00	1.0156e+00	
8.5000e+01	-4.6383e-07	-1.2930e+00	1.2382e-03	9.3751e-03	5.0000e-01	8.4236e+01	4.7041e-03	1.1921e-02	1.0000e+00	1.0156e+00	
8.6000e+01	-4.5670e-07	-1.2783e+00	1.2140e-03	9.2798e-03	5.0000e-01	8.5240e+01	4.6944e-03	1.1783e-02	1.0000e+00	1.0156e+00	
8.7000e+01	-4.4754e-07	-1.2592e+00	1.1881e-03	9.1557e-03	5.0000e-01	8.6244e+01	4.6866e-03	1.1647e-02	1.0000e+00	1.0156e+00	
8.8000e+01	-4.3726e-07	-1.2354e+00	1.1372e-03	9.0045e-03	5.0000e-01	8.7249e+01	4.6847e-03	1.1515e-02	1.0000e+00	1.0157e+00	
8.9000e+01	-4.2409e-07	-1.2058e+00	1.0592e-03	8.8260e-03	5.0000e-01	8.8253e+01	4.6854e-03	1.1386e-02	1.0000e+00	1.0157e+00	
9.0000e+01	-4.1086e-07	-1.1696e+00	9.8791e-04	8.6064e-03	5.0000e-01	8.9257e+01	4.6878e-03	1.1259e-02	1.0000e+00	1.0157e+00	
9.1000e+01	-3.9371e-07	-1.1257e+00	9.2975e-04	8.3350e-03	5.0000e-01	9.0262e+01	4.6920e-03	1.1136e-02	1.0000e+00	1.0157e+00	
9.2000e+01	-3.7367e-07	-1.0734e+00	8.4394e-04	8.0123e-03	5.0000e-01	9.1266e+01	4.7039e-03	1.1015e-02	1.0000e+00	1.0157e+00	
9.3000e+01	-3.4898e-07	-1.0113e+00	7.2294e-04	7.6494e-03	5.0000e-01	9.2270e+01	4.7182e-03	1.0896e-02	1.0000e+00	1.0157e+00	
9.4000e+01	-3.2017e-07	-9.3811e-01	6.2218e-04	7.1987e-03	5.0000e-01	9.3275e+01	4.7378e-03	1.0781e-02	1.0000e+00	1.0157e+00	
9.5000e+01	-2.8512e-07	-8.5239e-01	4.8834e-04	6.6725e-03	5.0000e-01	9.4280e+01	4.7668e-03	1.0667e-02	1.0000e+00	1.0157e+00	
9.6000e+01	-2.4570e-07	-7.5295e-01	3.4335e-04	6.0663e-03	5.0000e-01	9.5284e+01	4.7987e-03	1.0557e-02	1.0000e+00	1.0158e+00	
9.7000e+01	-1.9570e-07	-6.3775e-01	1.8084e-04	5.3443e-03	5.0000e-01	9.6289e+01	4.8545e-03	1.0448e-02	1.0000e+00	1.0158e+00	
9.8000e+01	-1.4281e-07	-5.0461e-01	-4.9736e-06	4.5258e-03	5.0000e-01	9.7294e+01	4.8973e-03	1.0342e-02	1.0000e+00	1.0158e+00	
9.9000e+01	-8.6240e-08	-3.5386e-01	-1.9891e-04	3.5737e-03	5.0000e-01	9.8299e+01	4.9450e-03	1.0237e-02	1.0000e+00	1.0158e+00	
1.0000e+02	-1.0595e-08	-1.8385e-01	-3.7597e-04	2.4395e-03	5.0000e-01	9.9305e+01	4.9915e-03	1.0135e-02	1.0000e+00	1.0158e+00	
1.0100e+02	0.0000e+00	0.0000e+00	0.0000e+00	0.0000e+00	5.0000e-01	1.0031e+02	0.0000e+00	0.0000e+00	0.0000e+00	0.0000e+00	
